AoA	Cl	Cd	Cm
-180.0	0.04	0.015	-0.04
-179.0	0.1417	0.02	0.0112
-178.0	0.2433	0.025	0.0625
-177.0	0.345	0.03	0.1138
-176.0	0.4467	0.035	0.165
-175.0	0.5483	0.04	0.2162
-174.0	0.65	0.054	0.2675
-173.0	0.65	0.068	0.3188
-172.0	0.65	0.082	0.37
-171.0	0.65	0.096	0.365
-170.0	0.65	0.11	0.36
-169.0	0.6425	0.1283	0.355
-168.0	0.635	0.1467	0.35
-167.0	0.6275	0.165	0.36
-166.0	0.62	0.1833	0.37
-165.0	0.6274	0.2017	0.38
-164.0	0.6348	0.22	0.39
-163.0	0.6423	0.2522	0.3938
-162.0	0.6497	0.2844	0.3975
-161.0	0.6571	0.3167	0.4012
-160.0	0.6645	0.3489	0.405
-159.0	0.672	0.3811	0.4088
-158.0	0.6794	0.4133	0.4125
-157.0	0.6868	0.4456	0.4162
-156.0	0.6942	0.4778	0.42
-155.0	0.7017	0.51	0.4242
-154.0	0.7091	0.5328	0.4283
-153.0	0.7165	0.5556	0.4325
-152.0	0.7239	0.5784	0.4367
-151.0	0.7314	0.6012	0.4408
-150.0	0.7388	0.624	0.445
-149.0	0.7462	0.6468	0.4515
-148.0	0.7536	0.6696	0.458
-147.0	0.7611	0.6924	0.4645
-146.0	0.7685	0.7152	0.471
-145.0	0.7759	0.738	0.4775
-144.0	0.7833	0.7608	0.484
-143.0	0.7908	0.7836	0.4905
-142.0	0.7982	0.8064	0.497
-141.0	0.8056	0.8292	0.5035
-140.0	0.813	0.852	0.51
-139.0	0.8205	0.8748	0.5165
-138.0	0.8279	0.8976	0.523
-137.0	0.8353	0.9204	0.5295
-136.0	0.8427	0.9432	0.536
-135.0	0.8502	0.966	0.5425
-134.0	0.8576	0.9888	0.549
-133.0	0.865	1.0116	0.5555
-132.0	0.8535	1.0344	0.562
-131.0	0.842	1.0572	0.5685
-130.0	0.8305	1.08	0.575
-129.0	0.819	1.0943	0.5767
-128.0	0.8075	1.1087	0.5783
-127.0	0.796	1.123	0.58
-126.0	0.7845	1.1373	0.5817
-125.0	0.773	1.1517	0.5833
-124.0	0.7615	1.166	0.585
-123.0	0.75	1.1803	0.5867
-122.0	0.7385	1.1947	0.5883
-121.0	0.727	1.209	0.59
-120.0	0.7155	1.2233	0.5917
-119.0	0.704	1.2377	0.5933
-118.0	0.6925	1.252	0.595
-117.0	0.681	1.2663	0.5967
-116.0	0.6695	1.2807	0.5983
-115.0	0.658	1.295	0.6
-114.0	0.6465	1.3093	0.598
-113.0	0.635	1.3237	0.596
-112.0	0.6073	1.338	0.594
-111.0	0.5795	1.3523	0.592
-110.0	0.5518	1.3667	0.59
-109.0	0.5241	1.381	0.588
-108.0	0.4964	1.3953	0.586
-107.0	0.4686	1.4097	0.584
-106.0	0.4409	1.424	0.582
-105.0	0.4132	1.4383	0.58
-104.0	0.3855	1.4527	0.578
-103.0	0.3577	1.467	0.576
-102.0	0.33	1.4813	0.574
-101.0	0.3023	1.4957	0.572
-100.0	0.2745	1.51	0.57
-99.0	0.2468	1.515	0.568
-98.0	0.2191	1.52	0.566
-97.0	0.1914	1.525	0.564
-96.0	0.1636	1.53	0.562
-95.0	0.1359	1.535	0.56
-94.0	0.1082	1.54	0.558
-93.0	0.0805	1.545	0.556
-92.0	0.0527	1.55	0.554
-91.0	0.025	1.555	0.552
-90.0	-0.0027	1.56	0.55
-89.0	-0.0305	1.555	0.545
-88.0	-0.0582	1.55	0.54
-87.0	-0.0859	1.545	0.535
-86.0	-0.1136	1.54	0.53
-85.0	-0.1414	1.535	0.525
-84.0	-0.1691	1.53	0.52
-83.0	-0.1968	1.525	0.515
-82.0	-0.2245	1.52	0.51
-81.0	-0.2523	1.515	0.505
-80.0	-0.28	1.51	0.5
-79.0	-0.3077	1.4965	0.495
-78.0	-0.3355	1.483	0.49
-77.0	-0.3632	1.4695	0.485
-76.0	-0.3909	1.456	0.48
-75.0	-0.4186	1.4425	0.475
-74.0	-0.4464	1.429	0.47
-73.0	-0.4741	1.4155	0.465
-72.0	-0.5018	1.402	0.46
-71.0	-0.5295	1.3885	0.455
-70.0	-0.5573	1.375	0.45
-69.0	-0.585	1.3615	0.445
-68.0	-0.6127	1.348	0.44
-67.0	-0.6405	1.3345	0.435
-66.0	-0.6682	1.321	0.43
-65.0	-0.6959	1.3075	0.425
-64.0	-0.7236	1.294	0.42
-63.0	-0.7514	1.2805	0.415
-62.0	-0.7791	1.267	0.41
-61.0	-0.8068	1.2535	0.405
-60.0	-0.8345	1.24	0.4
-59.0	-0.8623	1.223	0.393
-58.0	-0.89	1.206	0.386
-57.0	-0.9025	1.189	0.379
-56.0	-0.915	1.172	0.372
-55.0	-0.9275	1.155	0.365
-54.0	-0.94	1.138	0.358
-53.0	-0.9525	1.121	0.351
-52.0	-0.965	1.104	0.344
-51.0	-0.9775	1.087	0.337
-50.0	-0.99	1.07	0.33
-49.0	-1.0025	1.053	0.323
-48.0	-1.015	1.036	0.316
-47.0	-1.0275	1.019	0.309
-46.0	-1.04	1.002	0.302
-45.0	-1.0525	0.985	0.295
-44.0	-1.065	0.968	0.288
-43.0	-1.0775	0.951	0.281
-42.0	-1.09	0.934	0.274
-41.0	-1.1025	0.917	0.267
-40.0	-1.115	0.9	0.26
-39.0	-1.1275	0.874	0.252
-38.0	-1.14	0.848	0.244
-37.0	-1.1236	0.822	0.236
-36.0	-1.1072	0.796	0.228
-35.0	-1.0908	0.77	0.22
-34.0	-1.0744	0.744	0.212
-33.0	-1.0581	0.718	0.204
-32.0	-1.0417	0.692	0.196
-31.0	-1.0253	0.666	0.188
-30.0	-1.0089	0.64	0.18
-29.0	-0.9925	0.614	0.1746
-28.0	-0.9761	0.588	0.1693
-27.0	-0.9597	0.562	0.1639
-26.0	-0.9433	0.536	0.1586
-25.0	-0.9269	0.51	0.1532
-24.0	-0.9106	0.49	0.1479
-23.0	-0.8942	0.47	0.1425
-22.0	-0.8778	0.45	0.1371
-21.0	-0.8614	0.43	0.1318
-20.0	-0.845	0.41	0.1264
-19.0	-0.8414	0.39	0.1211
-18.0	-0.8378	0.37	0.1157
-17.0	-0.8342	0.35	0.1104
-16.0	-0.8306	0.33	0.105
-15.0	-0.827	0.31	0.0982
-14.0	-0.814	0.29	0.0915
-13.0	-0.7952	0.265	0.083
-12.0	-0.7637	0.2325	0.072
-11.0	-0.7237	0.1964	0.0599
-10.0	-0.6784	0.1607	0.0478
-9.0	-0.6225	0.1286	0.037
-8.0	-0.5758	0.1027	0.0282
-7.0	-0.5411	0.0827	0.022
-6.0	-0.5188	0.0718	0.0183
-5.0	-0.5064	0.0677	0.0166
-4.0	-0.505	0.0672	0.0163
-3.0	-0.4571	0.0532	0.0118
-2.0	-0.2805	0.0354	-0.0134
-1.0	-0.0589	0.0198	-0.0244
0.0	0.1652	0.0165	-0.0284
1.0	0.394	0.028	-0.0434
2.0	0.5379	0.0472	-0.0628
3.0	0.586	0.0617	-0.0664
4.0	0.6077	0.0746	-0.0649
5.0	0.6318	0.0882	-0.0659
6.0	0.662	0.1029	-0.0698
7.0	0.6965	0.1182	-0.0767
8.0	0.7323	0.1339	-0.086
9.0	0.7693	0.1514	-0.0969
10.0	0.8097	0.1716	-0.109
11.0	0.8528	0.194	-0.1217
12.0	0.8966	0.2182	-0.134
13.0	0.9397	0.2437	-0.1453
14.0	0.9802	0.27	-0.1556
15.0	1.0175	0.2973	-0.1654
16.0	1.0492	0.3242	-0.1741
17.0	1.0762	0.3506	-0.1822
18.0	1.0975	0.3762	-0.1896
19.0	1.1113	0.3968	-0.1954
20.0	1.118	0.4092	-0.1989
21.0	1.1098	0.415	-0.1996
22.0	1.0878	0.4318	-0.2002
23.0	1.0571	0.4583	-0.1992
24.0	1.0231	0.4921	-0.195
25.0	0.9911	0.5301	-0.187
26.0	0.9655	0.5686	-0.1883
27.0	0.9496	0.604	-0.1921
28.0	0.9449	0.6328	-0.1981
29.0	0.9517	0.6521	-0.2055
30.0	0.9683	0.66	-0.2133
31.0	0.9892	0.6805	-0.221
32.0	1.01	0.701	-0.2287
33.0	1.0308	0.7215	-0.2363
34.0	1.0517	0.742	-0.244
35.0	1.0725	0.7625	-0.2517
36.0	1.0933	0.783	-0.2593
37.0	1.1142	0.8035	-0.267
38.0	1.135	0.824	-0.2747
39.0	1.1228	0.8445	-0.2823
40.0	1.1105	0.865	-0.29
41.0	1.0982	0.8855	-0.297
42.0	1.086	0.906	-0.304
43.0	1.0738	0.9265	-0.311
44.0	1.0615	0.947	-0.318
45.0	1.0492	0.9675	-0.325
46.0	1.037	0.988	-0.332
47.0	1.0248	1.0085	-0.339
48.0	1.0125	1.029	-0.346
49.0	1.0002	1.0495	-0.353
50.0	0.988	1.07	-0.36
51.0	0.9758	1.0843	-0.367
52.0	0.9635	1.0987	-0.374
53.0	0.9512	1.113	-0.381
54.0	0.939	1.1273	-0.388
55.0	0.9268	1.1417	-0.395
56.0	0.9145	1.156	-0.402
57.0	0.9022	1.1703	-0.409
58.0	0.89	1.1847	-0.416
59.0	0.8623	1.199	-0.423
60.0	0.8345	1.2133	-0.43
61.0	0.8068	1.2277	-0.435
62.0	0.7791	1.242	-0.44
63.0	0.7514	1.2563	-0.445
64.0	0.7236	1.2707	-0.45
65.0	0.6959	1.285	-0.455
66.0	0.6682	1.2993	-0.46
67.0	0.6405	1.3137	-0.465
68.0	0.6127	1.328	-0.47
69.0	0.585	1.3423	-0.475
70.0	0.5573	1.3567	-0.48
71.0	0.5295	1.371	-0.485
72.0	0.5018	1.3853	-0.49
73.0	0.4741	1.3997	-0.495
74.0	0.4464	1.414	-0.5
75.0	0.4186	1.4283	-0.505
76.0	0.3909	1.4427	-0.51
77.0	0.3632	1.457	-0.515
78.0	0.3355	1.4713	-0.52
79.0	0.3077	1.4857	-0.525
80.0	0.28	1.5	-0.53
81.0	0.2523	1.506	-0.535
82.0	0.2245	1.512	-0.54
83.0	0.1968	1.518	-0.545
84.0	0.1691	1.524	-0.55
85.0	0.1414	1.53	-0.555
86.0	0.1136	1.536	-0.56
87.0	0.0859	1.542	-0.565
88.0	0.0582	1.548	-0.57
89.0	0.0305	1.554	-0.575
90.0	0.0027	1.56	-0.58
91.0	-0.025	1.555	-0.582
92.0	-0.0527	1.55	-0.584
93.0	-0.0805	1.545	-0.586
94.0	-0.1082	1.54	-0.588
95.0	-0.1359	1.535	-0.59
96.0	-0.1636	1.53	-0.592
97.0	-0.1914	1.525	-0.594
98.0	-0.2191	1.52	-0.596
99.0	-0.2468	1.515	-0.598
100.0	-0.2745	1.51	-0.6
101.0	-0.3023	1.496	-0.602
102.0	-0.33	1.482	-0.604
103.0	-0.3577	1.468	-0.606
104.0	-0.3855	1.454	-0.608
105.0	-0.4132	1.44	-0.61
106.0	-0.4409	1.426	-0.612
107.0	-0.4686	1.412	-0.614
108.0	-0.4964	1.398	-0.616
109.0	-0.5241	1.384	-0.618
110.0	-0.5518	1.37	-0.62
111.0	-0.5795	1.356	-0.622
112.0	-0.6073	1.342	-0.624
113.0	-0.635	1.328	-0.626
114.0	-0.6465	1.314	-0.628
115.0	-0.658	1.3	-0.63
116.0	-0.6695	1.286	-0.627
117.0	-0.681	1.272	-0.624
118.0	-0.6925	1.258	-0.621
119.0	-0.704	1.244	-0.618
120.0	-0.7155	1.23	-0.615
121.0	-0.727	1.213	-0.612
122.0	-0.7385	1.196	-0.609
123.0	-0.75	1.179	-0.606
124.0	-0.7615	1.162	-0.603
125.0	-0.773	1.145	-0.6
126.0	-0.7845	1.128	-0.597
127.0	-0.796	1.111	-0.594
128.0	-0.8075	1.094	-0.591
129.0	-0.819	1.077	-0.588
130.0	-0.8305	1.06	-0.585
131.0	-0.842	1.043	-0.582
132.0	-0.8535	1.026	-0.579
133.0	-0.865	1.009	-0.576
134.0	-0.8704	0.992	-0.573
135.0	-0.8758	0.975	-0.57
136.0	-0.8812	0.958	-0.567
137.0	-0.8866	0.941	-0.564
138.0	-0.892	0.924	-0.561
139.0	-0.8974	0.907	-0.558
140.0	-0.9028	0.89	-0.555
141.0	-0.9082	0.864	-0.5488
142.0	-0.9136	0.838	-0.5425
143.0	-0.919	0.812	-0.5362
144.0	-0.9244	0.786	-0.53
145.0	-0.9298	0.76	-0.5238
146.0	-0.9352	0.734	-0.5175
147.0	-0.9406	0.708	-0.5112
148.0	-0.946	0.682	-0.505
149.0	-0.9514	0.656	-0.4988
150.0	-0.9568	0.63	-0.4925
151.0	-0.9622	0.604	-0.4862
152.0	-0.9676	0.578	-0.48
153.0	-0.973	0.552	-0.4738
154.0	-0.9784	0.526	-0.4675
155.0	-0.9838	0.5	-0.4612
156.0	-0.9892	0.4689	-0.455
157.0	-0.9946	0.4378	-0.4488
158.0	-1.0	0.4067	-0.4425
159.0	-0.965	0.3756	-0.4362
160.0	-0.93	0.3444	-0.43
161.0	-0.895	0.3133	-0.4238
162.0	-0.86	0.2822	-0.4175
163.0	-0.825	0.2511	-0.4112
164.0	-0.79	0.22	-0.405
165.0	-0.755	0.2017	-0.3988
166.0	-0.72	0.1833	-0.3925
167.0	-0.745	0.165	-0.3862
168.0	-0.77	0.1467	-0.38
169.0	-0.795	0.1283	-0.3825
170.0	-0.82	0.11	-0.385
171.0	-0.734	0.096	-0.3875
172.0	-0.648	0.082	-0.39
173.0	-0.562	0.068	-0.3625
174.0	-0.476	0.054	-0.335
175.0	-0.39	0.04	-0.3075
176.0	-0.304	0.035	-0.28
177.0	-0.218	0.03	-0.22
178.0	-0.132	0.025	-0.16
179.0	-0.046	0.02	-0.1
180.0	0.04	0.015	-0.04
