C81 Table

Cl vs alpha & Mach
alpha	M0.1	M0.2	M0.3	M0.4	M0.5	M0.6	M0.7	M0.8
-180.00	  0.0400	  0.0400	  0.0400	  0.0400	  0.0400	  0.0400	  0.0400	  0.0400
-179.00	  0.1417	  0.1417	  0.1417	  0.1417	  0.1417	  0.1417	  0.1417	  0.1417
-178.00	  0.2433	  0.2433	  0.2433	  0.2433	  0.2433	  0.2433	  0.2433	  0.2433
-177.00	  0.3450	  0.3450	  0.3450	  0.3450	  0.3450	  0.3450	  0.3450	  0.3450
-176.00	  0.4467	  0.4467	  0.4467	  0.4467	  0.4467	  0.4467	  0.4467	  0.4467
-175.00	  0.5483	  0.5483	  0.5483	  0.5483	  0.5483	  0.5483	  0.5483	  0.5483
-174.00	  0.6500	  0.6500	  0.6500	  0.6500	  0.6500	  0.6500	  0.6500	  0.6500
-173.00	  0.6500	  0.6500	  0.6500	  0.6500	  0.6500	  0.6500	  0.6500	  0.6500
-172.00	  0.6500	  0.6500	  0.6500	  0.6500	  0.6500	  0.6500	  0.6500	  0.6500
-171.00	  0.6500	  0.6500	  0.6500	  0.6500	  0.6500	  0.6500	  0.6500	  0.6500
-170.00	  0.6500	  0.6500	  0.6500	  0.6500	  0.6500	  0.6500	  0.6500	  0.6500
-169.00	  0.6425	  0.6425	  0.6425	  0.6425	  0.6425	  0.6425	  0.6425	  0.6425
-168.00	  0.6350	  0.6350	  0.6350	  0.6350	  0.6350	  0.6350	  0.6350	  0.6350
-167.00	  0.6275	  0.6275	  0.6275	  0.6275	  0.6275	  0.6275	  0.6275	  0.6275
-166.00	  0.6200	  0.6200	  0.6200	  0.6200	  0.6200	  0.6200	  0.6200	  0.6200
-165.00	  0.6274	  0.6274	  0.6274	  0.6274	  0.6274	  0.6274	  0.6274	  0.6274
-164.00	  0.6348	  0.6348	  0.6348	  0.6348	  0.6348	  0.6348	  0.6348	  0.6348
-163.00	  0.6423	  0.6423	  0.6423	  0.6423	  0.6423	  0.6423	  0.6423	  0.6423
-162.00	  0.6497	  0.6497	  0.6497	  0.6497	  0.6497	  0.6497	  0.6497	  0.6497
-161.00	  0.6571	  0.6571	  0.6571	  0.6571	  0.6571	  0.6571	  0.6571	  0.6571
-160.00	  0.6645	  0.6645	  0.6645	  0.6645	  0.6645	  0.6645	  0.6645	  0.6645
-159.00	  0.6720	  0.6720	  0.6720	  0.6720	  0.6720	  0.6720	  0.6720	  0.6720
-158.00	  0.6794	  0.6794	  0.6794	  0.6794	  0.6794	  0.6794	  0.6794	  0.6794
-157.00	  0.6868	  0.6868	  0.6868	  0.6868	  0.6868	  0.6868	  0.6868	  0.6868
-156.00	  0.6942	  0.6942	  0.6942	  0.6942	  0.6942	  0.6942	  0.6942	  0.6942
-155.00	  0.7017	  0.7017	  0.7017	  0.7017	  0.7017	  0.7017	  0.7017	  0.7017
-154.00	  0.7091	  0.7091	  0.7091	  0.7091	  0.7091	  0.7091	  0.7091	  0.7091
-153.00	  0.7165	  0.7165	  0.7165	  0.7165	  0.7165	  0.7165	  0.7165	  0.7165
-152.00	  0.7239	  0.7239	  0.7239	  0.7239	  0.7239	  0.7239	  0.7239	  0.7239
-151.00	  0.7314	  0.7314	  0.7314	  0.7314	  0.7314	  0.7314	  0.7314	  0.7314
-150.00	  0.7388	  0.7388	  0.7388	  0.7388	  0.7388	  0.7388	  0.7388	  0.7388
-149.00	  0.7462	  0.7462	  0.7462	  0.7462	  0.7462	  0.7462	  0.7462	  0.7462
-148.00	  0.7536	  0.7536	  0.7536	  0.7536	  0.7536	  0.7536	  0.7536	  0.7536
-147.00	  0.7611	  0.7611	  0.7611	  0.7611	  0.7611	  0.7611	  0.7611	  0.7611
-146.00	  0.7685	  0.7685	  0.7685	  0.7685	  0.7685	  0.7685	  0.7685	  0.7685
-145.00	  0.7759	  0.7759	  0.7759	  0.7759	  0.7759	  0.7759	  0.7759	  0.7759
-144.00	  0.7833	  0.7833	  0.7833	  0.7833	  0.7833	  0.7833	  0.7833	  0.7833
-143.00	  0.7908	  0.7908	  0.7908	  0.7908	  0.7908	  0.7908	  0.7908	  0.7908
-142.00	  0.7982	  0.7982	  0.7982	  0.7982	  0.7982	  0.7982	  0.7982	  0.7982
-141.00	  0.8056	  0.8056	  0.8056	  0.8056	  0.8056	  0.8056	  0.8056	  0.8056
-140.00	  0.8130	  0.8130	  0.8130	  0.8130	  0.8130	  0.8130	  0.8130	  0.8130
-139.00	  0.8205	  0.8205	  0.8205	  0.8205	  0.8205	  0.8205	  0.8205	  0.8205
-138.00	  0.8279	  0.8279	  0.8279	  0.8279	  0.8279	  0.8279	  0.8279	  0.8279
-137.00	  0.8353	  0.8353	  0.8353	  0.8353	  0.8353	  0.8353	  0.8353	  0.8353
-136.00	  0.8427	  0.8427	  0.8427	  0.8427	  0.8427	  0.8427	  0.8427	  0.8427
-135.00	  0.8502	  0.8502	  0.8502	  0.8502	  0.8502	  0.8502	  0.8502	  0.8502
-134.00	  0.8576	  0.8576	  0.8576	  0.8576	  0.8576	  0.8576	  0.8576	  0.8576
-133.00	  0.8650	  0.8650	  0.8650	  0.8650	  0.8650	  0.8650	  0.8650	  0.8650
-132.00	  0.8535	  0.8535	  0.8535	  0.8535	  0.8535	  0.8535	  0.8535	  0.8535
-131.00	  0.8420	  0.8420	  0.8420	  0.8420	  0.8420	  0.8420	  0.8420	  0.8420
-130.00	  0.8305	  0.8305	  0.8305	  0.8305	  0.8305	  0.8305	  0.8305	  0.8305
-129.00	  0.8190	  0.8190	  0.8190	  0.8190	  0.8190	  0.8190	  0.8190	  0.8190
-128.00	  0.8075	  0.8075	  0.8075	  0.8075	  0.8075	  0.8075	  0.8075	  0.8075
-127.00	  0.7960	  0.7960	  0.7960	  0.7960	  0.7960	  0.7960	  0.7960	  0.7960
-126.00	  0.7845	  0.7845	  0.7845	  0.7845	  0.7845	  0.7845	  0.7845	  0.7845
-125.00	  0.7730	  0.7730	  0.7730	  0.7730	  0.7730	  0.7730	  0.7730	  0.7730
-124.00	  0.7615	  0.7615	  0.7615	  0.7615	  0.7615	  0.7615	  0.7615	  0.7615
-123.00	  0.7500	  0.7500	  0.7500	  0.7500	  0.7500	  0.7500	  0.7500	  0.7500
-122.00	  0.7385	  0.7385	  0.7385	  0.7385	  0.7385	  0.7385	  0.7385	  0.7385
-121.00	  0.7270	  0.7270	  0.7270	  0.7270	  0.7270	  0.7270	  0.7270	  0.7270
-120.00	  0.7155	  0.7155	  0.7155	  0.7155	  0.7155	  0.7155	  0.7155	  0.7155
-119.00	  0.7040	  0.7040	  0.7040	  0.7040	  0.7040	  0.7040	  0.7040	  0.7040
-118.00	  0.6925	  0.6925	  0.6925	  0.6925	  0.6925	  0.6925	  0.6925	  0.6925
-117.00	  0.6810	  0.6810	  0.6810	  0.6810	  0.6810	  0.6810	  0.6810	  0.6810
-116.00	  0.6695	  0.6695	  0.6695	  0.6695	  0.6695	  0.6695	  0.6695	  0.6695
-115.00	  0.6580	  0.6580	  0.6580	  0.6580	  0.6580	  0.6580	  0.6580	  0.6580
-114.00	  0.6465	  0.6465	  0.6465	  0.6465	  0.6465	  0.6465	  0.6465	  0.6465
-113.00	  0.6350	  0.6350	  0.6350	  0.6350	  0.6350	  0.6350	  0.6350	  0.6350
-112.00	  0.6073	  0.6073	  0.6073	  0.6073	  0.6073	  0.6073	  0.6073	  0.6073
-111.00	  0.5795	  0.5795	  0.5795	  0.5795	  0.5795	  0.5795	  0.5795	  0.5795
-110.00	  0.5518	  0.5518	  0.5518	  0.5518	  0.5518	  0.5518	  0.5518	  0.5518
-109.00	  0.5241	  0.5241	  0.5241	  0.5241	  0.5241	  0.5241	  0.5241	  0.5241
-108.00	  0.4964	  0.4964	  0.4964	  0.4964	  0.4964	  0.4964	  0.4964	  0.4964
-107.00	  0.4686	  0.4686	  0.4686	  0.4686	  0.4686	  0.4686	  0.4686	  0.4686
-106.00	  0.4409	  0.4409	  0.4409	  0.4409	  0.4409	  0.4409	  0.4409	  0.4409
-105.00	  0.4132	  0.4132	  0.4132	  0.4132	  0.4132	  0.4132	  0.4132	  0.4132
-104.00	  0.3855	  0.3855	  0.3855	  0.3855	  0.3855	  0.3855	  0.3855	  0.3855
-103.00	  0.3577	  0.3577	  0.3577	  0.3577	  0.3577	  0.3577	  0.3577	  0.3577
-102.00	  0.3300	  0.3300	  0.3300	  0.3300	  0.3300	  0.3300	  0.3300	  0.3300
-101.00	  0.3023	  0.3023	  0.3023	  0.3023	  0.3023	  0.3023	  0.3023	  0.3023
-100.00	  0.2745	  0.2745	  0.2745	  0.2745	  0.2745	  0.2745	  0.2745	  0.2745
-99.00	  0.2468	  0.2468	  0.2468	  0.2468	  0.2468	  0.2468	  0.2468	  0.2468
-98.00	  0.2191	  0.2191	  0.2191	  0.2191	  0.2191	  0.2191	  0.2191	  0.2191
-97.00	  0.1914	  0.1914	  0.1914	  0.1914	  0.1914	  0.1914	  0.1914	  0.1914
-96.00	  0.1636	  0.1636	  0.1636	  0.1636	  0.1636	  0.1636	  0.1636	  0.1636
-95.00	  0.1359	  0.1359	  0.1359	  0.1359	  0.1359	  0.1359	  0.1359	  0.1359
-94.00	  0.1082	  0.1082	  0.1082	  0.1082	  0.1082	  0.1082	  0.1082	  0.1082
-93.00	  0.0805	  0.0805	  0.0805	  0.0805	  0.0805	  0.0805	  0.0805	  0.0805
-92.00	  0.0527	  0.0527	  0.0527	  0.0527	  0.0527	  0.0527	  0.0527	  0.0527
-91.00	  0.0250	  0.0250	  0.0250	  0.0250	  0.0250	  0.0250	  0.0250	  0.0250
-90.00	 -0.0027	 -0.0027	 -0.0027	 -0.0027	 -0.0027	 -0.0027	 -0.0027	 -0.0027
-89.00	 -0.0305	 -0.0305	 -0.0305	 -0.0305	 -0.0305	 -0.0305	 -0.0305	 -0.0305
-88.00	 -0.0582	 -0.0582	 -0.0582	 -0.0582	 -0.0582	 -0.0582	 -0.0582	 -0.0582
-87.00	 -0.0859	 -0.0859	 -0.0859	 -0.0859	 -0.0859	 -0.0859	 -0.0859	 -0.0859
-86.00	 -0.1136	 -0.1136	 -0.1136	 -0.1136	 -0.1136	 -0.1136	 -0.1136	 -0.1136
-85.00	 -0.1414	 -0.1414	 -0.1414	 -0.1414	 -0.1414	 -0.1414	 -0.1414	 -0.1414
-84.00	 -0.1691	 -0.1691	 -0.1691	 -0.1691	 -0.1691	 -0.1691	 -0.1691	 -0.1691
-83.00	 -0.1968	 -0.1968	 -0.1968	 -0.1968	 -0.1968	 -0.1968	 -0.1968	 -0.1968
-82.00	 -0.2245	 -0.2245	 -0.2245	 -0.2245	 -0.2245	 -0.2245	 -0.2245	 -0.2245
-81.00	 -0.2523	 -0.2523	 -0.2523	 -0.2523	 -0.2523	 -0.2523	 -0.2523	 -0.2523
-80.00	 -0.2800	 -0.2800	 -0.2800	 -0.2800	 -0.2800	 -0.2800	 -0.2800	 -0.2800
-79.00	 -0.3077	 -0.3077	 -0.3077	 -0.3077	 -0.3077	 -0.3077	 -0.3077	 -0.3077
-78.00	 -0.3355	 -0.3355	 -0.3355	 -0.3355	 -0.3355	 -0.3355	 -0.3355	 -0.3355
-77.00	 -0.3632	 -0.3632	 -0.3632	 -0.3632	 -0.3632	 -0.3632	 -0.3632	 -0.3632
-76.00	 -0.3909	 -0.3909	 -0.3909	 -0.3909	 -0.3909	 -0.3909	 -0.3909	 -0.3909
-75.00	 -0.4186	 -0.4186	 -0.4186	 -0.4186	 -0.4186	 -0.4186	 -0.4186	 -0.4186
-74.00	 -0.4464	 -0.4464	 -0.4464	 -0.4464	 -0.4464	 -0.4464	 -0.4464	 -0.4464
-73.00	 -0.4741	 -0.4741	 -0.4741	 -0.4741	 -0.4741	 -0.4741	 -0.4741	 -0.4741
-72.00	 -0.5018	 -0.5018	 -0.5018	 -0.5018	 -0.5018	 -0.5018	 -0.5018	 -0.5018
-71.00	 -0.5295	 -0.5295	 -0.5295	 -0.5295	 -0.5295	 -0.5295	 -0.5295	 -0.5295
-70.00	 -0.5573	 -0.5573	 -0.5573	 -0.5573	 -0.5573	 -0.5573	 -0.5573	 -0.5573
-69.00	 -0.5850	 -0.5850	 -0.5850	 -0.5850	 -0.5850	 -0.5850	 -0.5850	 -0.5850
-68.00	 -0.6127	 -0.6127	 -0.6127	 -0.6127	 -0.6127	 -0.6127	 -0.6127	 -0.6127
-67.00	 -0.6405	 -0.6405	 -0.6405	 -0.6405	 -0.6405	 -0.6405	 -0.6405	 -0.6405
-66.00	 -0.6682	 -0.6682	 -0.6682	 -0.6682	 -0.6682	 -0.6682	 -0.6682	 -0.6682
-65.00	 -0.6959	 -0.6959	 -0.6959	 -0.6959	 -0.6959	 -0.6959	 -0.6959	 -0.6959
-64.00	 -0.7236	 -0.7236	 -0.7236	 -0.7236	 -0.7236	 -0.7236	 -0.7236	 -0.7236
-63.00	 -0.7514	 -0.7514	 -0.7514	 -0.7514	 -0.7514	 -0.7514	 -0.7514	 -0.7514
-62.00	 -0.7791	 -0.7791	 -0.7791	 -0.7791	 -0.7791	 -0.7791	 -0.7791	 -0.7791
-61.00	 -0.8068	 -0.8068	 -0.8068	 -0.8068	 -0.8068	 -0.8068	 -0.8068	 -0.8068
-60.00	 -0.8345	 -0.8345	 -0.8345	 -0.8345	 -0.8345	 -0.8345	 -0.8345	 -0.8345
-59.00	 -0.8623	 -0.8623	 -0.8623	 -0.8623	 -0.8623	 -0.8623	 -0.8623	 -0.8623
-58.00	 -0.8900	 -0.8900	 -0.8900	 -0.8900	 -0.8900	 -0.8900	 -0.8900	 -0.8900
-57.00	 -0.9025	 -0.9025	 -0.9025	 -0.9025	 -0.9025	 -0.9025	 -0.9025	 -0.9025
-56.00	 -0.9150	 -0.9150	 -0.9150	 -0.9150	 -0.9150	 -0.9150	 -0.9150	 -0.9150
-55.00	 -0.9275	 -0.9275	 -0.9275	 -0.9275	 -0.9275	 -0.9275	 -0.9275	 -0.9275
-54.00	 -0.9400	 -0.9400	 -0.9400	 -0.9400	 -0.9400	 -0.9400	 -0.9400	 -0.9400
-53.00	 -0.9525	 -0.9525	 -0.9525	 -0.9525	 -0.9525	 -0.9525	 -0.9525	 -0.9525
-52.00	 -0.9650	 -0.9650	 -0.9650	 -0.9650	 -0.9650	 -0.9650	 -0.9650	 -0.9650
-51.00	 -0.9775	 -0.9775	 -0.9775	 -0.9775	 -0.9775	 -0.9775	 -0.9775	 -0.9775
-50.00	 -0.9900	 -0.9900	 -0.9900	 -0.9900	 -0.9900	 -0.9900	 -0.9900	 -0.9900
-49.00	 -1.0025	 -1.0025	 -1.0025	 -1.0025	 -1.0025	 -1.0025	 -1.0025	 -1.0025
-48.00	 -1.0150	 -1.0150	 -1.0150	 -1.0150	 -1.0150	 -1.0150	 -1.0150	 -1.0150
-47.00	 -1.0275	 -1.0275	 -1.0275	 -1.0275	 -1.0275	 -1.0275	 -1.0275	 -1.0275
-46.00	 -1.0400	 -1.0400	 -1.0400	 -1.0400	 -1.0400	 -1.0400	 -1.0400	 -1.0400
-45.00	 -1.0525	 -1.0525	 -1.0525	 -1.0525	 -1.0525	 -1.0525	 -1.0525	 -1.0525
-44.00	 -1.0650	 -1.0650	 -1.0650	 -1.0650	 -1.0650	 -1.0650	 -1.0650	 -1.0650
-43.00	 -1.0775	 -1.0775	 -1.0775	 -1.0775	 -1.0775	 -1.0775	 -1.0775	 -1.0775
-42.00	 -1.0900	 -1.0900	 -1.0900	 -1.0900	 -1.0900	 -1.0900	 -1.0900	 -1.0900
-41.00	 -1.1025	 -1.1025	 -1.1025	 -1.1025	 -1.1025	 -1.1025	 -1.1025	 -1.1025
-40.00	 -1.1150	 -1.1150	 -1.1150	 -1.1150	 -1.1150	 -1.1150	 -1.1150	 -1.1150
-39.00	 -1.1275	 -1.1275	 -1.1275	 -1.1275	 -1.1275	 -1.1275	 -1.1275	 -1.1275
-38.00	 -1.1400	 -1.1400	 -1.1400	 -1.1400	 -1.1400	 -1.1400	 -1.1400	 -1.1400
-37.00	 -1.1339	 -1.1339	 -1.1339	 -1.1361	 -1.1394	 -1.1400	 -1.1249	 -1.1236
-36.00	 -1.1278	 -1.1278	 -1.1278	 -1.1322	 -1.1389	 -1.1400	 -1.1098	 -1.1072
-35.00	 -1.1217	 -1.1217	 -1.1217	 -1.1283	 -1.1383	 -1.1400	 -1.0947	 -1.0908
-34.00	 -1.1156	 -1.1156	 -1.1156	 -1.1244	 -1.1378	 -1.1400	 -1.0796	 -1.0744
-33.00	 -1.1094	 -1.1094	 -1.1094	 -1.1206	 -1.1372	 -1.1400	 -1.0644	 -1.0581
-32.00	 -1.1033	 -1.1033	 -1.1033	 -1.1167	 -1.1367	 -1.1400	 -1.0493	 -1.0417
-31.00	 -1.0972	 -1.0972	 -1.0972	 -1.1128	 -1.1361	 -1.1400	 -1.0342	 -1.0253
-30.00	 -1.0911	 -1.0911	 -1.0911	 -1.1089	 -1.1356	 -1.1400	 -1.0191	 -1.0089
-29.00	 -1.0850	 -1.0850	 -1.0850	 -1.1050	 -1.1350	 -1.1400	 -1.0040	 -0.9925
-28.00	 -1.0789	 -1.0789	 -1.0789	 -1.1011	 -1.1344	 -1.1400	 -0.9889	 -0.9761
-27.00	 -1.0728	 -1.0728	 -1.0728	 -1.0972	 -1.1339	 -1.1400	 -0.9738	 -0.9597
-26.00	 -1.0667	 -1.0667	 -1.0667	 -1.0933	 -1.1333	 -1.1400	 -0.9587	 -0.9433
-25.00	 -1.0606	 -1.0606	 -1.0606	 -1.0894	 -1.1328	 -1.1400	 -0.9436	 -0.9269
-24.00	 -1.0544	 -1.0544	 -1.0544	 -1.0856	 -1.1322	 -1.1400	 -0.9284	 -0.9106
-23.00	 -1.0483	 -1.0483	 -1.0483	 -1.0817	 -1.1317	 -1.1400	 -0.9133	 -0.8942
-22.00	 -1.0422	 -1.0422	 -1.0422	 -1.0778	 -1.1311	 -1.1400	 -0.8982	 -0.8778
-21.00	 -1.0361	 -1.0361	 -1.0361	 -1.0739	 -1.1306	 -1.1400	 -0.8831	 -0.8614
-20.00	 -1.0300	 -1.0300	 -1.0300	 -1.0700	 -1.1300	 -1.1400	 -0.8680	 -0.8450
-19.00	 -1.0640	 -1.0640	 -1.0640	 -1.1073	 -1.1395	 -1.1257	 -0.8704	 -0.8414
-18.00	 -1.0849	 -1.0849	 -1.0849	 -1.1295	 -1.1272	 -1.0880	 -0.8728	 -0.8378
-17.00	 -1.0891	 -1.0891	 -1.0891	 -1.1330	 -1.0935	 -1.0309	 -0.8752	 -0.8342
-16.00	 -1.0754	 -1.0754	 -1.0754	 -1.1166	 -1.0412	 -0.9599	 -0.8776	 -0.8306
-15.00	 -1.0454	 -1.0454	 -1.0454	 -1.0820	 -0.9758	 -0.8819	 -0.8800	 -0.8270
-14.00	 -1.0089	 -1.0089	 -1.0089	 -1.0348	 -0.9076	 -0.8017	 -0.8800	 -0.8140
-13.00	 -0.9378	 -0.9378	 -0.9378	 -0.9585	 -0.8202	 -0.7311	 -0.8619	 -0.7952
-12.00	 -0.8930	 -0.8930	 -0.8930	 -0.9096	 -0.7615	 -0.6775	 -0.8292	 -0.7637
-11.00	 -0.8701	 -0.8701	 -0.8701	 -0.8840	 -0.7292	 -0.6445	 -0.7815	 -0.7237
-10.00	 -0.8658	 -0.8658	 -0.8658	 -0.8790	 -0.7216	 -0.6338	 -0.7288	 -0.6784
 -9.00	 -0.8430	 -0.8430	 -0.8430	 -0.8925	 -0.7647	 -0.6367	 -0.6598	 -0.6225
 -8.00	 -0.8072	 -0.8072	 -0.8072	 -0.8601	 -0.7941	 -0.6589	 -0.6055	 -0.5758
 -7.00	 -0.7409	 -0.7409	 -0.7409	 -0.7814	 -0.7763	 -0.6800	 -0.5681	 -0.5411
 -6.00	 -0.6385	 -0.6385	 -0.6385	 -0.6715	 -0.6966	 -0.6664	 -0.5470	 -0.5188
 -5.00	 -0.5187	 -0.5187	 -0.5187	 -0.5451	 -0.5780	 -0.5921	 -0.5368	 -0.5064
 -4.00	 -0.3969	 -0.3969	 -0.3969	 -0.4172	 -0.4452	 -0.4751	 -0.5371	 -0.5050
 -3.00	 -0.2763	 -0.2763	 -0.2763	 -0.2910	 -0.3098	 -0.3370	 -0.3820	 -0.4571
 -2.00	 -0.1554	 -0.1554	 -0.1554	 -0.1645	 -0.1740	 -0.1909	 -0.2204	 -0.2805
 -1.00	 -0.0342	 -0.0342	 -0.0342	 -0.0379	 -0.0382	 -0.0424	 -0.0540	 -0.0589
  0.00	  0.0868	  0.0868	  0.0868	  0.0887	  0.0975	  0.1065	  0.1181	  0.1652
  1.00	  0.2077	  0.2077	  0.2077	  0.2154	  0.2332	  0.2556	  0.2928	  0.3940
  2.00	  0.3284	  0.3284	  0.3284	  0.3418	  0.3689	  0.4046	  0.4689	  0.5379
  3.00	  0.4487	  0.4487	  0.4487	  0.4680	  0.5045	  0.5522	  0.6374	  0.5860
  4.00	  0.5686	  0.5686	  0.5686	  0.5937	  0.6400	  0.6901	  0.7606	  0.6077
  5.00	  0.6878	  0.6878	  0.6878	  0.7188	  0.7764	  0.8030	  0.7922	  0.6318
  6.00	  0.8060	  0.8060	  0.8060	  0.8430	  0.9123	  0.8804	  0.7544	  0.6620
  7.00	  0.9231	  0.9231	  0.9231	  0.9663	  1.0355	  0.8941	  0.7179	  0.6965
  8.00	  1.0387	  1.0387	  1.0387	  1.0880	  1.1212	  0.8521	  0.7066	  0.7323
  9.00	  1.1524	  1.1524	  1.1524	  1.2017	  1.1454	  0.8187	  0.7172	  0.7693
 10.00	  1.2682	  1.2682	  1.2682	  1.2911	  1.1097	  0.8173	  0.7384	  0.8097
 11.00	  1.3820	  1.3820	  1.3820	  1.3337	  1.0498	  0.8291	  0.7646	  0.8528
 12.00	  1.4929	  1.4929	  1.4929	  1.3199	  0.9958	  0.8409	  0.7923	  0.8966
 13.00	  1.5570	  1.5570	  1.5570	  1.2567	  0.9557	  0.8509	  0.8200	  0.9397
 14.00	  1.5566	  1.5566	  1.5566	  1.1743	  0.9307	  0.8602	  0.8467	  0.9802
 15.00	  1.4510	  1.4510	  1.4510	  1.0966	  0.9166	  0.8699	  0.8723	  1.0175
 16.00	  1.2823	  1.2823	  1.2823	  1.0259	  0.9087	  0.8824	  0.8968	  1.0492
 17.00	  1.1503	  1.1503	  1.1503	  0.9692	  0.9056	  0.8912	  0.9200	  1.0762
 18.00	  1.0580	  1.0580	  1.0580	  0.9503	  0.9067	  0.9045	  0.9397	  1.0975
 19.00	  1.0068	  1.0068	  1.0068	  0.9437	  0.9100	  0.9295	  0.9447	  1.1113
 20.00	  0.9780	  0.9780	  0.9780	  0.9382	  0.9152	  0.9673	  0.9755	  1.1180
 21.00	  0.9799	  0.9799	  0.9799	  0.9419	  0.9221	  0.9743	  0.9847	  1.1098
 22.00	  0.9858	  0.9858	  0.9858	  0.9531	  0.9417	  0.9939	  1.0104	  1.0878
 23.00	  0.9958	  0.9958	  0.9958	  0.9710	  0.9716	  1.0233	  1.0482	  1.0571
 24.00	  1.0094	  1.0094	  1.0094	  0.9941	  1.0086	  1.0588	  1.0929	  1.0231
 25.00	  1.0258	  1.0258	  1.0258	  1.0203	  1.0486	  1.0963	  1.1390	  0.9911
 26.00	  1.0437	  1.0437	  1.0437	  1.0474	  1.0874	  1.1316	  1.1811	  0.9655
 27.00	  1.0614	  1.0614	  1.0614	  1.0726	  1.1212	  1.1611	  1.2147	  0.9496
 28.00	  1.0773	  1.0773	  1.0773	  1.0936	  1.1467	  1.1818	  1.2363	  0.9449
 29.00	  1.0897	  1.0897	  1.0897	  1.1082	  1.1613	  1.1919	  1.2443	  0.9517
 30.00	  1.0972	  1.0972	  1.0972	  1.1150	  1.1639	  1.1906	  1.2381	  0.9683
 31.00	  1.1019	  1.1019	  1.1019	  1.1175	  1.1603	  1.1836	  1.2252	  0.9892
 32.00	  1.1067	  1.1067	  1.1067	  1.1200	  1.1567	  1.1767	  1.2123	  1.0100
 33.00	  1.1114	  1.1114	  1.1114	  1.1225	  1.1531	  1.1697	  1.1994	  1.0308
 34.00	  1.1161	  1.1161	  1.1161	  1.1250	  1.1494	  1.1628	  1.1866	  1.0517
 35.00	  1.1208	  1.1208	  1.1208	  1.1275	  1.1458	  1.1558	  1.1737	  1.0725
 36.00	  1.1256	  1.1256	  1.1256	  1.1300	  1.1422	  1.1489	  1.1608	  1.0933
 37.00	  1.1303	  1.1303	  1.1303	  1.1325	  1.1386	  1.1419	  1.1479	  1.1142
 38.00	  1.1350	  1.1350	  1.1350	  1.1350	  1.1350	  1.1350	  1.1350	  1.1350
 39.00	  1.1228	  1.1228	  1.1228	  1.1228	  1.1228	  1.1228	  1.1228	  1.1228
 40.00	  1.1105	  1.1105	  1.1105	  1.1105	  1.1105	  1.1105	  1.1105	  1.1105
 41.00	  1.0982	  1.0982	  1.0982	  1.0982	  1.0982	  1.0982	  1.0982	  1.0982
 42.00	  1.0860	  1.0860	  1.0860	  1.0860	  1.0860	  1.0860	  1.0860	  1.0860
 43.00	  1.0738	  1.0738	  1.0738	  1.0738	  1.0738	  1.0738	  1.0738	  1.0738
 44.00	  1.0615	  1.0615	  1.0615	  1.0615	  1.0615	  1.0615	  1.0615	  1.0615
 45.00	  1.0492	  1.0492	  1.0492	  1.0492	  1.0492	  1.0492	  1.0492	  1.0492
 46.00	  1.0370	  1.0370	  1.0370	  1.0370	  1.0370	  1.0370	  1.0370	  1.0370
 47.00	  1.0248	  1.0248	  1.0248	  1.0248	  1.0248	  1.0248	  1.0248	  1.0248
 48.00	  1.0125	  1.0125	  1.0125	  1.0125	  1.0125	  1.0125	  1.0125	  1.0125
 49.00	  1.0002	  1.0002	  1.0002	  1.0002	  1.0002	  1.0002	  1.0002	  1.0002
 50.00	  0.9880	  0.9880	  0.9880	  0.9880	  0.9880	  0.9880	  0.9880	  0.9880
 51.00	  0.9758	  0.9758	  0.9758	  0.9758	  0.9758	  0.9758	  0.9758	  0.9758
 52.00	  0.9635	  0.9635	  0.9635	  0.9635	  0.9635	  0.9635	  0.9635	  0.9635
 53.00	  0.9512	  0.9512	  0.9512	  0.9512	  0.9512	  0.9512	  0.9512	  0.9512
 54.00	  0.9390	  0.9390	  0.9390	  0.9390	  0.9390	  0.9390	  0.9390	  0.9390
 55.00	  0.9268	  0.9268	  0.9268	  0.9268	  0.9268	  0.9268	  0.9268	  0.9268
 56.00	  0.9145	  0.9145	  0.9145	  0.9145	  0.9145	  0.9145	  0.9145	  0.9145
 57.00	  0.9022	  0.9022	  0.9022	  0.9022	  0.9022	  0.9022	  0.9022	  0.9022
 58.00	  0.8900	  0.8900	  0.8900	  0.8900	  0.8900	  0.8900	  0.8900	  0.8900
 59.00	  0.8623	  0.8623	  0.8623	  0.8623	  0.8623	  0.8623	  0.8623	  0.8623
 60.00	  0.8345	  0.8345	  0.8345	  0.8345	  0.8345	  0.8345	  0.8345	  0.8345
 61.00	  0.8068	  0.8068	  0.8068	  0.8068	  0.8068	  0.8068	  0.8068	  0.8068
 62.00	  0.7791	  0.7791	  0.7791	  0.7791	  0.7791	  0.7791	  0.7791	  0.7791
 63.00	  0.7514	  0.7514	  0.7514	  0.7514	  0.7514	  0.7514	  0.7514	  0.7514
 64.00	  0.7236	  0.7236	  0.7236	  0.7236	  0.7236	  0.7236	  0.7236	  0.7236
 65.00	  0.6959	  0.6959	  0.6959	  0.6959	  0.6959	  0.6959	  0.6959	  0.6959
 66.00	  0.6682	  0.6682	  0.6682	  0.6682	  0.6682	  0.6682	  0.6682	  0.6682
 67.00	  0.6405	  0.6405	  0.6405	  0.6405	  0.6405	  0.6405	  0.6405	  0.6405
 68.00	  0.6127	  0.6127	  0.6127	  0.6127	  0.6127	  0.6127	  0.6127	  0.6127
 69.00	  0.5850	  0.5850	  0.5850	  0.5850	  0.5850	  0.5850	  0.5850	  0.5850
 70.00	  0.5573	  0.5573	  0.5573	  0.5573	  0.5573	  0.5573	  0.5573	  0.5573
 71.00	  0.5295	  0.5295	  0.5295	  0.5295	  0.5295	  0.5295	  0.5295	  0.5295
 72.00	  0.5018	  0.5018	  0.5018	  0.5018	  0.5018	  0.5018	  0.5018	  0.5018
 73.00	  0.4741	  0.4741	  0.4741	  0.4741	  0.4741	  0.4741	  0.4741	  0.4741
 74.00	  0.4464	  0.4464	  0.4464	  0.4464	  0.4464	  0.4464	  0.4464	  0.4464
 75.00	  0.4186	  0.4186	  0.4186	  0.4186	  0.4186	  0.4186	  0.4186	  0.4186
 76.00	  0.3909	  0.3909	  0.3909	  0.3909	  0.3909	  0.3909	  0.3909	  0.3909
 77.00	  0.3632	  0.3632	  0.3632	  0.3632	  0.3632	  0.3632	  0.3632	  0.3632
 78.00	  0.3355	  0.3355	  0.3355	  0.3355	  0.3355	  0.3355	  0.3355	  0.3355
 79.00	  0.3077	  0.3077	  0.3077	  0.3077	  0.3077	  0.3077	  0.3077	  0.3077
 80.00	  0.2800	  0.2800	  0.2800	  0.2800	  0.2800	  0.2800	  0.2800	  0.2800
 81.00	  0.2523	  0.2523	  0.2523	  0.2523	  0.2523	  0.2523	  0.2523	  0.2523
 82.00	  0.2245	  0.2245	  0.2245	  0.2245	  0.2245	  0.2245	  0.2245	  0.2245
 83.00	  0.1968	  0.1968	  0.1968	  0.1968	  0.1968	  0.1968	  0.1968	  0.1968
 84.00	  0.1691	  0.1691	  0.1691	  0.1691	  0.1691	  0.1691	  0.1691	  0.1691
 85.00	  0.1414	  0.1414	  0.1414	  0.1414	  0.1414	  0.1414	  0.1414	  0.1414
 86.00	  0.1136	  0.1136	  0.1136	  0.1136	  0.1136	  0.1136	  0.1136	  0.1136
 87.00	  0.0859	  0.0859	  0.0859	  0.0859	  0.0859	  0.0859	  0.0859	  0.0859
 88.00	  0.0582	  0.0582	  0.0582	  0.0582	  0.0582	  0.0582	  0.0582	  0.0582
 89.00	  0.0305	  0.0305	  0.0305	  0.0305	  0.0305	  0.0305	  0.0305	  0.0305
 90.00	  0.0027	  0.0027	  0.0027	  0.0027	  0.0027	  0.0027	  0.0027	  0.0027
 91.00	 -0.0250	 -0.0250	 -0.0250	 -0.0250	 -0.0250	 -0.0250	 -0.0250	 -0.0250
 92.00	 -0.0527	 -0.0527	 -0.0527	 -0.0527	 -0.0527	 -0.0527	 -0.0527	 -0.0527
 93.00	 -0.0805	 -0.0805	 -0.0805	 -0.0805	 -0.0805	 -0.0805	 -0.0805	 -0.0805
 94.00	 -0.1082	 -0.1082	 -0.1082	 -0.1082	 -0.1082	 -0.1082	 -0.1082	 -0.1082
 95.00	 -0.1359	 -0.1359	 -0.1359	 -0.1359	 -0.1359	 -0.1359	 -0.1359	 -0.1359
 96.00	 -0.1636	 -0.1636	 -0.1636	 -0.1636	 -0.1636	 -0.1636	 -0.1636	 -0.1636
 97.00	 -0.1914	 -0.1914	 -0.1914	 -0.1914	 -0.1914	 -0.1914	 -0.1914	 -0.1914
 98.00	 -0.2191	 -0.2191	 -0.2191	 -0.2191	 -0.2191	 -0.2191	 -0.2191	 -0.2191
 99.00	 -0.2468	 -0.2468	 -0.2468	 -0.2468	 -0.2468	 -0.2468	 -0.2468	 -0.2468
100.00	 -0.2745	 -0.2745	 -0.2745	 -0.2745	 -0.2745	 -0.2745	 -0.2745	 -0.2745
101.00	 -0.3023	 -0.3023	 -0.3023	 -0.3023	 -0.3023	 -0.3023	 -0.3023	 -0.3023
102.00	 -0.3300	 -0.3300	 -0.3300	 -0.3300	 -0.3300	 -0.3300	 -0.3300	 -0.3300
103.00	 -0.3577	 -0.3577	 -0.3577	 -0.3577	 -0.3577	 -0.3577	 -0.3577	 -0.3577
104.00	 -0.3855	 -0.3855	 -0.3855	 -0.3855	 -0.3855	 -0.3855	 -0.3855	 -0.3855
105.00	 -0.4132	 -0.4132	 -0.4132	 -0.4132	 -0.4132	 -0.4132	 -0.4132	 -0.4132
106.00	 -0.4409	 -0.4409	 -0.4409	 -0.4409	 -0.4409	 -0.4409	 -0.4409	 -0.4409
107.00	 -0.4686	 -0.4686	 -0.4686	 -0.4686	 -0.4686	 -0.4686	 -0.4686	 -0.4686
108.00	 -0.4964	 -0.4964	 -0.4964	 -0.4964	 -0.4964	 -0.4964	 -0.4964	 -0.4964
109.00	 -0.5241	 -0.5241	 -0.5241	 -0.5241	 -0.5241	 -0.5241	 -0.5241	 -0.5241
110.00	 -0.5518	 -0.5518	 -0.5518	 -0.5518	 -0.5518	 -0.5518	 -0.5518	 -0.5518
111.00	 -0.5795	 -0.5795	 -0.5795	 -0.5795	 -0.5795	 -0.5795	 -0.5795	 -0.5795
112.00	 -0.6073	 -0.6073	 -0.6073	 -0.6073	 -0.6073	 -0.6073	 -0.6073	 -0.6073
113.00	 -0.6350	 -0.6350	 -0.6350	 -0.6350	 -0.6350	 -0.6350	 -0.6350	 -0.6350
114.00	 -0.6465	 -0.6465	 -0.6465	 -0.6465	 -0.6465	 -0.6465	 -0.6465	 -0.6465
115.00	 -0.6580	 -0.6580	 -0.6580	 -0.6580	 -0.6580	 -0.6580	 -0.6580	 -0.6580
116.00	 -0.6695	 -0.6695	 -0.6695	 -0.6695	 -0.6695	 -0.6695	 -0.6695	 -0.6695
117.00	 -0.6810	 -0.6810	 -0.6810	 -0.6810	 -0.6810	 -0.6810	 -0.6810	 -0.6810
118.00	 -0.6925	 -0.6925	 -0.6925	 -0.6925	 -0.6925	 -0.6925	 -0.6925	 -0.6925
119.00	 -0.7040	 -0.7040	 -0.7040	 -0.7040	 -0.7040	 -0.7040	 -0.7040	 -0.7040
120.00	 -0.7155	 -0.7155	 -0.7155	 -0.7155	 -0.7155	 -0.7155	 -0.7155	 -0.7155
121.00	 -0.7270	 -0.7270	 -0.7270	 -0.7270	 -0.7270	 -0.7270	 -0.7270	 -0.7270
122.00	 -0.7385	 -0.7385	 -0.7385	 -0.7385	 -0.7385	 -0.7385	 -0.7385	 -0.7385
123.00	 -0.7500	 -0.7500	 -0.7500	 -0.7500	 -0.7500	 -0.7500	 -0.7500	 -0.7500
124.00	 -0.7615	 -0.7615	 -0.7615	 -0.7615	 -0.7615	 -0.7615	 -0.7615	 -0.7615
125.00	 -0.7730	 -0.7730	 -0.7730	 -0.7730	 -0.7730	 -0.7730	 -0.7730	 -0.7730
126.00	 -0.7845	 -0.7845	 -0.7845	 -0.7845	 -0.7845	 -0.7845	 -0.7845	 -0.7845
127.00	 -0.7960	 -0.7960	 -0.7960	 -0.7960	 -0.7960	 -0.7960	 -0.7960	 -0.7960
128.00	 -0.8075	 -0.8075	 -0.8075	 -0.8075	 -0.8075	 -0.8075	 -0.8075	 -0.8075
129.00	 -0.8190	 -0.8190	 -0.8190	 -0.8190	 -0.8190	 -0.8190	 -0.8190	 -0.8190
130.00	 -0.8305	 -0.8305	 -0.8305	 -0.8305	 -0.8305	 -0.8305	 -0.8305	 -0.8305
131.00	 -0.8420	 -0.8420	 -0.8420	 -0.8420	 -0.8420	 -0.8420	 -0.8420	 -0.8420
132.00	 -0.8535	 -0.8535	 -0.8535	 -0.8535	 -0.8535	 -0.8535	 -0.8535	 -0.8535
133.00	 -0.8650	 -0.8650	 -0.8650	 -0.8650	 -0.8650	 -0.8650	 -0.8650	 -0.8650
134.00	 -0.8704	 -0.8704	 -0.8704	 -0.8704	 -0.8704	 -0.8704	 -0.8704	 -0.8704
135.00	 -0.8758	 -0.8758	 -0.8758	 -0.8758	 -0.8758	 -0.8758	 -0.8758	 -0.8758
136.00	 -0.8812	 -0.8812	 -0.8812	 -0.8812	 -0.8812	 -0.8812	 -0.8812	 -0.8812
137.00	 -0.8866	 -0.8866	 -0.8866	 -0.8866	 -0.8866	 -0.8866	 -0.8866	 -0.8866
138.00	 -0.8920	 -0.8920	 -0.8920	 -0.8920	 -0.8920	 -0.8920	 -0.8920	 -0.8920
139.00	 -0.8974	 -0.8974	 -0.8974	 -0.8974	 -0.8974	 -0.8974	 -0.8974	 -0.8974
140.00	 -0.9028	 -0.9028	 -0.9028	 -0.9028	 -0.9028	 -0.9028	 -0.9028	 -0.9028
141.00	 -0.9082	 -0.9082	 -0.9082	 -0.9082	 -0.9082	 -0.9082	 -0.9082	 -0.9082
142.00	 -0.9136	 -0.9136	 -0.9136	 -0.9136	 -0.9136	 -0.9136	 -0.9136	 -0.9136
143.00	 -0.9190	 -0.9190	 -0.9190	 -0.9190	 -0.9190	 -0.9190	 -0.9190	 -0.9190
144.00	 -0.9244	 -0.9244	 -0.9244	 -0.9244	 -0.9244	 -0.9244	 -0.9244	 -0.9244
145.00	 -0.9298	 -0.9298	 -0.9298	 -0.9298	 -0.9298	 -0.9298	 -0.9298	 -0.9298
146.00	 -0.9352	 -0.9352	 -0.9352	 -0.9352	 -0.9352	 -0.9352	 -0.9352	 -0.9352
147.00	 -0.9406	 -0.9406	 -0.9406	 -0.9406	 -0.9406	 -0.9406	 -0.9406	 -0.9406
148.00	 -0.9460	 -0.9460	 -0.9460	 -0.9460	 -0.9460	 -0.9460	 -0.9460	 -0.9460
149.00	 -0.9514	 -0.9514	 -0.9514	 -0.9514	 -0.9514	 -0.9514	 -0.9514	 -0.9514
150.00	 -0.9568	 -0.9568	 -0.9568	 -0.9568	 -0.9568	 -0.9568	 -0.9568	 -0.9568
151.00	 -0.9622	 -0.9622	 -0.9622	 -0.9622	 -0.9622	 -0.9622	 -0.9622	 -0.9622
152.00	 -0.9676	 -0.9676	 -0.9676	 -0.9676	 -0.9676	 -0.9676	 -0.9676	 -0.9676
153.00	 -0.9730	 -0.9730	 -0.9730	 -0.9730	 -0.9730	 -0.9730	 -0.9730	 -0.9730
154.00	 -0.9784	 -0.9784	 -0.9784	 -0.9784	 -0.9784	 -0.9784	 -0.9784	 -0.9784
155.00	 -0.9838	 -0.9838	 -0.9838	 -0.9838	 -0.9838	 -0.9838	 -0.9838	 -0.9838
156.00	 -0.9892	 -0.9892	 -0.9892	 -0.9892	 -0.9892	 -0.9892	 -0.9892	 -0.9892
157.00	 -0.9946	 -0.9946	 -0.9946	 -0.9946	 -0.9946	 -0.9946	 -0.9946	 -0.9946
158.00	 -1.0000	 -1.0000	 -1.0000	 -1.0000	 -1.0000	 -1.0000	 -1.0000	 -1.0000
159.00	 -0.9650	 -0.9650	 -0.9650	 -0.9650	 -0.9650	 -0.9650	 -0.9650	 -0.9650
160.00	 -0.9300	 -0.9300	 -0.9300	 -0.9300	 -0.9300	 -0.9300	 -0.9300	 -0.9300
161.00	 -0.8950	 -0.8950	 -0.8950	 -0.8950	 -0.8950	 -0.8950	 -0.8950	 -0.8950
162.00	 -0.8600	 -0.8600	 -0.8600	 -0.8600	 -0.8600	 -0.8600	 -0.8600	 -0.8600
163.00	 -0.8250	 -0.8250	 -0.8250	 -0.8250	 -0.8250	 -0.8250	 -0.8250	 -0.8250
164.00	 -0.7900	 -0.7900	 -0.7900	 -0.7900	 -0.7900	 -0.7900	 -0.7900	 -0.7900
165.00	 -0.7550	 -0.7550	 -0.7550	 -0.7550	 -0.7550	 -0.7550	 -0.7550	 -0.7550
166.00	 -0.7200	 -0.7200	 -0.7200	 -0.7200	 -0.7200	 -0.7200	 -0.7200	 -0.7200
167.00	 -0.7450	 -0.7450	 -0.7450	 -0.7450	 -0.7450	 -0.7450	 -0.7450	 -0.7450
168.00	 -0.7700	 -0.7700	 -0.7700	 -0.7700	 -0.7700	 -0.7700	 -0.7700	 -0.7700
169.00	 -0.7950	 -0.7950	 -0.7950	 -0.7950	 -0.7950	 -0.7950	 -0.7950	 -0.7950
170.00	 -0.8200	 -0.8200	 -0.8200	 -0.8200	 -0.8200	 -0.8200	 -0.8200	 -0.8200
171.00	 -0.7340	 -0.7340	 -0.7340	 -0.7340	 -0.7340	 -0.7340	 -0.7340	 -0.7340
172.00	 -0.6480	 -0.6480	 -0.6480	 -0.6480	 -0.6480	 -0.6480	 -0.6480	 -0.6480
173.00	 -0.5620	 -0.5620	 -0.5620	 -0.5620	 -0.5620	 -0.5620	 -0.5620	 -0.5620
174.00	 -0.4760	 -0.4760	 -0.4760	 -0.4760	 -0.4760	 -0.4760	 -0.4760	 -0.4760
175.00	 -0.3900	 -0.3900	 -0.3900	 -0.3900	 -0.3900	 -0.3900	 -0.3900	 -0.3900
176.00	 -0.3040	 -0.3040	 -0.3040	 -0.3040	 -0.3040	 -0.3040	 -0.3040	 -0.3040
177.00	 -0.2180	 -0.2180	 -0.2180	 -0.2180	 -0.2180	 -0.2180	 -0.2180	 -0.2180
178.00	 -0.1320	 -0.1320	 -0.1320	 -0.1320	 -0.1320	 -0.1320	 -0.1320	 -0.1320
179.00	 -0.0460	 -0.0460	 -0.0460	 -0.0460	 -0.0460	 -0.0460	 -0.0460	 -0.0460
180.00	  0.0400	  0.0400	  0.0400	  0.0400	  0.0400	  0.0400	  0.0400	  0.0400

Cd vs alpha & Mach
alpha	M0.1	M0.2	M0.3	M0.4	M0.5	M0.6	M0.7	M0.8
-180.00	  0.0150	  0.0150	  0.0150	  0.0150	  0.0150	  0.0150	  0.0150	  0.0150
-179.00	  0.0200	  0.0200	  0.0200	  0.0200	  0.0200	  0.0200	  0.0200	  0.0200
-178.00	  0.0250	  0.0250	  0.0250	  0.0250	  0.0250	  0.0250	  0.0250	  0.0250
-177.00	  0.0300	  0.0300	  0.0300	  0.0300	  0.0300	  0.0300	  0.0300	  0.0300
-176.00	  0.0350	  0.0350	  0.0350	  0.0350	  0.0350	  0.0350	  0.0350	  0.0350
-175.00	  0.0400	  0.0400	  0.0400	  0.0400	  0.0400	  0.0400	  0.0400	  0.0400
-174.00	  0.0540	  0.0540	  0.0540	  0.0540	  0.0540	  0.0540	  0.0540	  0.0540
-173.00	  0.0680	  0.0680	  0.0680	  0.0680	  0.0680	  0.0680	  0.0680	  0.0680
-172.00	  0.0820	  0.0820	  0.0820	  0.0820	  0.0820	  0.0820	  0.0820	  0.0820
-171.00	  0.0960	  0.0960	  0.0960	  0.0960	  0.0960	  0.0960	  0.0960	  0.0960
-170.00	  0.1100	  0.1100	  0.1100	  0.1100	  0.1100	  0.1100	  0.1100	  0.1100
-169.00	  0.1283	  0.1283	  0.1283	  0.1283	  0.1283	  0.1283	  0.1283	  0.1283
-168.00	  0.1467	  0.1467	  0.1467	  0.1467	  0.1467	  0.1467	  0.1467	  0.1467
-167.00	  0.1650	  0.1650	  0.1650	  0.1650	  0.1650	  0.1650	  0.1650	  0.1650
-166.00	  0.1833	  0.1833	  0.1833	  0.1833	  0.1833	  0.1833	  0.1833	  0.1833
-165.00	  0.2017	  0.2017	  0.2017	  0.2017	  0.2017	  0.2017	  0.2017	  0.2017
-164.00	  0.2200	  0.2200	  0.2200	  0.2200	  0.2200	  0.2200	  0.2200	  0.2200
-163.00	  0.2522	  0.2522	  0.2522	  0.2522	  0.2522	  0.2522	  0.2522	  0.2522
-162.00	  0.2844	  0.2844	  0.2844	  0.2844	  0.2844	  0.2844	  0.2844	  0.2844
-161.00	  0.3167	  0.3167	  0.3167	  0.3167	  0.3167	  0.3167	  0.3167	  0.3167
-160.00	  0.3489	  0.3489	  0.3489	  0.3489	  0.3489	  0.3489	  0.3489	  0.3489
-159.00	  0.3811	  0.3811	  0.3811	  0.3811	  0.3811	  0.3811	  0.3811	  0.3811
-158.00	  0.4133	  0.4133	  0.4133	  0.4133	  0.4133	  0.4133	  0.4133	  0.4133
-157.00	  0.4456	  0.4456	  0.4456	  0.4456	  0.4456	  0.4456	  0.4456	  0.4456
-156.00	  0.4778	  0.4778	  0.4778	  0.4778	  0.4778	  0.4778	  0.4778	  0.4778
-155.00	  0.5100	  0.5100	  0.5100	  0.5100	  0.5100	  0.5100	  0.5100	  0.5100
-154.00	  0.5328	  0.5328	  0.5328	  0.5328	  0.5328	  0.5328	  0.5328	  0.5328
-153.00	  0.5556	  0.5556	  0.5556	  0.5556	  0.5556	  0.5556	  0.5556	  0.5556
-152.00	  0.5784	  0.5784	  0.5784	  0.5784	  0.5784	  0.5784	  0.5784	  0.5784
-151.00	  0.6012	  0.6012	  0.6012	  0.6012	  0.6012	  0.6012	  0.6012	  0.6012
-150.00	  0.6240	  0.6240	  0.6240	  0.6240	  0.6240	  0.6240	  0.6240	  0.6240
-149.00	  0.6468	  0.6468	  0.6468	  0.6468	  0.6468	  0.6468	  0.6468	  0.6468
-148.00	  0.6696	  0.6696	  0.6696	  0.6696	  0.6696	  0.6696	  0.6696	  0.6696
-147.00	  0.6924	  0.6924	  0.6924	  0.6924	  0.6924	  0.6924	  0.6924	  0.6924
-146.00	  0.7152	  0.7152	  0.7152	  0.7152	  0.7152	  0.7152	  0.7152	  0.7152
-145.00	  0.7380	  0.7380	  0.7380	  0.7380	  0.7380	  0.7380	  0.7380	  0.7380
-144.00	  0.7608	  0.7608	  0.7608	  0.7608	  0.7608	  0.7608	  0.7608	  0.7608
-143.00	  0.7836	  0.7836	  0.7836	  0.7836	  0.7836	  0.7836	  0.7836	  0.7836
-142.00	  0.8064	  0.8064	  0.8064	  0.8064	  0.8064	  0.8064	  0.8064	  0.8064
-141.00	  0.8292	  0.8292	  0.8292	  0.8292	  0.8292	  0.8292	  0.8292	  0.8292
-140.00	  0.8520	  0.8520	  0.8520	  0.8520	  0.8520	  0.8520	  0.8520	  0.8520
-139.00	  0.8748	  0.8748	  0.8748	  0.8748	  0.8748	  0.8748	  0.8748	  0.8748
-138.00	  0.8976	  0.8976	  0.8976	  0.8976	  0.8976	  0.8976	  0.8976	  0.8976
-137.00	  0.9204	  0.9204	  0.9204	  0.9204	  0.9204	  0.9204	  0.9204	  0.9204
-136.00	  0.9432	  0.9432	  0.9432	  0.9432	  0.9432	  0.9432	  0.9432	  0.9432
-135.00	  0.9660	  0.9660	  0.9660	  0.9660	  0.9660	  0.9660	  0.9660	  0.9660
-134.00	  0.9888	  0.9888	  0.9888	  0.9888	  0.9888	  0.9888	  0.9888	  0.9888
-133.00	  1.0116	  1.0116	  1.0116	  1.0116	  1.0116	  1.0116	  1.0116	  1.0116
-132.00	  1.0344	  1.0344	  1.0344	  1.0344	  1.0344	  1.0344	  1.0344	  1.0344
-131.00	  1.0572	  1.0572	  1.0572	  1.0572	  1.0572	  1.0572	  1.0572	  1.0572
-130.00	  1.0800	  1.0800	  1.0800	  1.0800	  1.0800	  1.0800	  1.0800	  1.0800
-129.00	  1.0943	  1.0943	  1.0943	  1.0943	  1.0943	  1.0943	  1.0943	  1.0943
-128.00	  1.1087	  1.1087	  1.1087	  1.1087	  1.1087	  1.1087	  1.1087	  1.1087
-127.00	  1.1230	  1.1230	  1.1230	  1.1230	  1.1230	  1.1230	  1.1230	  1.1230
-126.00	  1.1373	  1.1373	  1.1373	  1.1373	  1.1373	  1.1373	  1.1373	  1.1373
-125.00	  1.1517	  1.1517	  1.1517	  1.1517	  1.1517	  1.1517	  1.1517	  1.1517
-124.00	  1.1660	  1.1660	  1.1660	  1.1660	  1.1660	  1.1660	  1.1660	  1.1660
-123.00	  1.1803	  1.1803	  1.1803	  1.1803	  1.1803	  1.1803	  1.1803	  1.1803
-122.00	  1.1947	  1.1947	  1.1947	  1.1947	  1.1947	  1.1947	  1.1947	  1.1947
-121.00	  1.2090	  1.2090	  1.2090	  1.2090	  1.2090	  1.2090	  1.2090	  1.2090
-120.00	  1.2233	  1.2233	  1.2233	  1.2233	  1.2233	  1.2233	  1.2233	  1.2233
-119.00	  1.2377	  1.2377	  1.2377	  1.2377	  1.2377	  1.2377	  1.2377	  1.2377
-118.00	  1.2520	  1.2520	  1.2520	  1.2520	  1.2520	  1.2520	  1.2520	  1.2520
-117.00	  1.2663	  1.2663	  1.2663	  1.2663	  1.2663	  1.2663	  1.2663	  1.2663
-116.00	  1.2807	  1.2807	  1.2807	  1.2807	  1.2807	  1.2807	  1.2807	  1.2807
-115.00	  1.2950	  1.2950	  1.2950	  1.2950	  1.2950	  1.2950	  1.2950	  1.2950
-114.00	  1.3093	  1.3093	  1.3093	  1.3093	  1.3093	  1.3093	  1.3093	  1.3093
-113.00	  1.3237	  1.3237	  1.3237	  1.3237	  1.3237	  1.3237	  1.3237	  1.3237
-112.00	  1.3380	  1.3380	  1.3380	  1.3380	  1.3380	  1.3380	  1.3380	  1.3380
-111.00	  1.3523	  1.3523	  1.3523	  1.3523	  1.3523	  1.3523	  1.3523	  1.3523
-110.00	  1.3667	  1.3667	  1.3667	  1.3667	  1.3667	  1.3667	  1.3667	  1.3667
-109.00	  1.3810	  1.3810	  1.3810	  1.3810	  1.3810	  1.3810	  1.3810	  1.3810
-108.00	  1.3953	  1.3953	  1.3953	  1.3953	  1.3953	  1.3953	  1.3953	  1.3953
-107.00	  1.4097	  1.4097	  1.4097	  1.4097	  1.4097	  1.4097	  1.4097	  1.4097
-106.00	  1.4240	  1.4240	  1.4240	  1.4240	  1.4240	  1.4240	  1.4240	  1.4240
-105.00	  1.4383	  1.4383	  1.4383	  1.4383	  1.4383	  1.4383	  1.4383	  1.4383
-104.00	  1.4527	  1.4527	  1.4527	  1.4527	  1.4527	  1.4527	  1.4527	  1.4527
-103.00	  1.4670	  1.4670	  1.4670	  1.4670	  1.4670	  1.4670	  1.4670	  1.4670
-102.00	  1.4813	  1.4813	  1.4813	  1.4813	  1.4813	  1.4813	  1.4813	  1.4813
-101.00	  1.4957	  1.4957	  1.4957	  1.4957	  1.4957	  1.4957	  1.4957	  1.4957
-100.00	  1.5100	  1.5100	  1.5100	  1.5100	  1.5100	  1.5100	  1.5100	  1.5100
-99.00	  1.5150	  1.5150	  1.5150	  1.5150	  1.5150	  1.5150	  1.5150	  1.5150
-98.00	  1.5200	  1.5200	  1.5200	  1.5200	  1.5200	  1.5200	  1.5200	  1.5200
-97.00	  1.5250	  1.5250	  1.5250	  1.5250	  1.5250	  1.5250	  1.5250	  1.5250
-96.00	  1.5300	  1.5300	  1.5300	  1.5300	  1.5300	  1.5300	  1.5300	  1.5300
-95.00	  1.5350	  1.5350	  1.5350	  1.5350	  1.5350	  1.5350	  1.5350	  1.5350
-94.00	  1.5400	  1.5400	  1.5400	  1.5400	  1.5400	  1.5400	  1.5400	  1.5400
-93.00	  1.5450	  1.5450	  1.5450	  1.5450	  1.5450	  1.5450	  1.5450	  1.5450
-92.00	  1.5500	  1.5500	  1.5500	  1.5500	  1.5500	  1.5500	  1.5500	  1.5500
-91.00	  1.5550	  1.5550	  1.5550	  1.5550	  1.5550	  1.5550	  1.5550	  1.5550
-90.00	  1.5600	  1.5600	  1.5600	  1.5600	  1.5600	  1.5600	  1.5600	  1.5600
-89.00	  1.5550	  1.5550	  1.5550	  1.5550	  1.5550	  1.5550	  1.5550	  1.5550
-88.00	  1.5500	  1.5500	  1.5500	  1.5500	  1.5500	  1.5500	  1.5500	  1.5500
-87.00	  1.5450	  1.5450	  1.5450	  1.5450	  1.5450	  1.5450	  1.5450	  1.5450
-86.00	  1.5400	  1.5400	  1.5400	  1.5400	  1.5400	  1.5400	  1.5400	  1.5400
-85.00	  1.5350	  1.5350	  1.5350	  1.5350	  1.5350	  1.5350	  1.5350	  1.5350
-84.00	  1.5300	  1.5300	  1.5300	  1.5300	  1.5300	  1.5300	  1.5300	  1.5300
-83.00	  1.5250	  1.5250	  1.5250	  1.5250	  1.5250	  1.5250	  1.5250	  1.5250
-82.00	  1.5200	  1.5200	  1.5200	  1.5200	  1.5200	  1.5200	  1.5200	  1.5200
-81.00	  1.5150	  1.5150	  1.5150	  1.5150	  1.5150	  1.5150	  1.5150	  1.5150
-80.00	  1.5100	  1.5100	  1.5100	  1.5100	  1.5100	  1.5100	  1.5100	  1.5100
-79.00	  1.4965	  1.4965	  1.4965	  1.4965	  1.4965	  1.4965	  1.4965	  1.4965
-78.00	  1.4830	  1.4830	  1.4830	  1.4830	  1.4830	  1.4830	  1.4830	  1.4830
-77.00	  1.4695	  1.4695	  1.4695	  1.4695	  1.4695	  1.4695	  1.4695	  1.4695
-76.00	  1.4560	  1.4560	  1.4560	  1.4560	  1.4560	  1.4560	  1.4560	  1.4560
-75.00	  1.4425	  1.4425	  1.4425	  1.4425	  1.4425	  1.4425	  1.4425	  1.4425
-74.00	  1.4290	  1.4290	  1.4290	  1.4290	  1.4290	  1.4290	  1.4290	  1.4290
-73.00	  1.4155	  1.4155	  1.4155	  1.4155	  1.4155	  1.4155	  1.4155	  1.4155
-72.00	  1.4020	  1.4020	  1.4020	  1.4020	  1.4020	  1.4020	  1.4020	  1.4020
-71.00	  1.3885	  1.3885	  1.3885	  1.3885	  1.3885	  1.3885	  1.3885	  1.3885
-70.00	  1.3750	  1.3750	  1.3750	  1.3750	  1.3750	  1.3750	  1.3750	  1.3750
-69.00	  1.3615	  1.3615	  1.3615	  1.3615	  1.3615	  1.3615	  1.3615	  1.3615
-68.00	  1.3480	  1.3480	  1.3480	  1.3480	  1.3480	  1.3480	  1.3480	  1.3480
-67.00	  1.3345	  1.3345	  1.3345	  1.3345	  1.3345	  1.3345	  1.3345	  1.3345
-66.00	  1.3210	  1.3210	  1.3210	  1.3210	  1.3210	  1.3210	  1.3210	  1.3210
-65.00	  1.3075	  1.3075	  1.3075	  1.3075	  1.3075	  1.3075	  1.3075	  1.3075
-64.00	  1.2940	  1.2940	  1.2940	  1.2940	  1.2940	  1.2940	  1.2940	  1.2940
-63.00	  1.2805	  1.2805	  1.2805	  1.2805	  1.2805	  1.2805	  1.2805	  1.2805
-62.00	  1.2670	  1.2670	  1.2670	  1.2670	  1.2670	  1.2670	  1.2670	  1.2670
-61.00	  1.2535	  1.2535	  1.2535	  1.2535	  1.2535	  1.2535	  1.2535	  1.2535
-60.00	  1.2400	  1.2400	  1.2400	  1.2400	  1.2400	  1.2400	  1.2400	  1.2400
-59.00	  1.2230	  1.2230	  1.2230	  1.2230	  1.2230	  1.2230	  1.2230	  1.2230
-58.00	  1.2060	  1.2060	  1.2060	  1.2060	  1.2060	  1.2060	  1.2060	  1.2060
-57.00	  1.1890	  1.1890	  1.1890	  1.1890	  1.1890	  1.1890	  1.1890	  1.1890
-56.00	  1.1720	  1.1720	  1.1720	  1.1720	  1.1720	  1.1720	  1.1720	  1.1720
-55.00	  1.1550	  1.1550	  1.1550	  1.1550	  1.1550	  1.1550	  1.1550	  1.1550
-54.00	  1.1380	  1.1380	  1.1380	  1.1380	  1.1380	  1.1380	  1.1380	  1.1380
-53.00	  1.1210	  1.1210	  1.1210	  1.1210	  1.1210	  1.1210	  1.1210	  1.1210
-52.00	  1.1040	  1.1040	  1.1040	  1.1040	  1.1040	  1.1040	  1.1040	  1.1040
-51.00	  1.0870	  1.0870	  1.0870	  1.0870	  1.0870	  1.0870	  1.0870	  1.0870
-50.00	  1.0700	  1.0700	  1.0700	  1.0700	  1.0700	  1.0700	  1.0700	  1.0700
-49.00	  1.0530	  1.0530	  1.0530	  1.0530	  1.0530	  1.0530	  1.0530	  1.0530
-48.00	  1.0360	  1.0360	  1.0360	  1.0360	  1.0360	  1.0360	  1.0360	  1.0360
-47.00	  1.0190	  1.0190	  1.0190	  1.0190	  1.0190	  1.0190	  1.0190	  1.0190
-46.00	  1.0020	  1.0020	  1.0020	  1.0020	  1.0020	  1.0020	  1.0020	  1.0020
-45.00	  0.9850	  0.9850	  0.9850	  0.9850	  0.9850	  0.9850	  0.9850	  0.9850
-44.00	  0.9680	  0.9680	  0.9680	  0.9680	  0.9680	  0.9680	  0.9680	  0.9680
-43.00	  0.9510	  0.9510	  0.9510	  0.9510	  0.9510	  0.9510	  0.9510	  0.9510
-42.00	  0.9340	  0.9340	  0.9340	  0.9340	  0.9340	  0.9340	  0.9340	  0.9340
-41.00	  0.9170	  0.9170	  0.9170	  0.9170	  0.9170	  0.9170	  0.9170	  0.9170
-40.00	  0.9000	  0.9000	  0.9000	  0.9000	  0.9000	  0.9000	  0.9000	  0.9000
-39.00	  0.8740	  0.8740	  0.8740	  0.8740	  0.8740	  0.8740	  0.8740	  0.8740
-38.00	  0.8480	  0.8480	  0.8480	  0.8480	  0.8480	  0.8480	  0.8480	  0.8480
-37.00	  0.8220	  0.8220	  0.8220	  0.8220	  0.8220	  0.8220	  0.8220	  0.8220
-36.00	  0.7960	  0.7960	  0.7960	  0.7960	  0.7960	  0.7960	  0.7960	  0.7960
-35.00	  0.7700	  0.7700	  0.7700	  0.7700	  0.7700	  0.7700	  0.7700	  0.7700
-34.00	  0.7440	  0.7440	  0.7440	  0.7440	  0.7440	  0.7440	  0.7440	  0.7440
-33.00	  0.7180	  0.7180	  0.7180	  0.7180	  0.7180	  0.7180	  0.7180	  0.7180
-32.00	  0.6920	  0.6920	  0.6920	  0.6920	  0.6920	  0.6920	  0.6920	  0.6920
-31.00	  0.6660	  0.6660	  0.6660	  0.6660	  0.6660	  0.6660	  0.6660	  0.6660
-30.00	  0.6400	  0.6400	  0.6400	  0.6400	  0.6400	  0.6400	  0.6400	  0.6400
-29.00	  0.6140	  0.6140	  0.6140	  0.6140	  0.6140	  0.6140	  0.6140	  0.6140
-28.00	  0.5880	  0.5880	  0.5880	  0.5880	  0.5880	  0.5880	  0.5880	  0.5880
-27.00	  0.5620	  0.5620	  0.5620	  0.5620	  0.5620	  0.5620	  0.5620	  0.5620
-26.00	  0.5360	  0.5360	  0.5360	  0.5360	  0.5360	  0.5360	  0.5360	  0.5360
-25.00	  0.5100	  0.5100	  0.5100	  0.5100	  0.5100	  0.5100	  0.5100	  0.5100
-24.00	  0.4812	  0.4812	  0.4812	  0.4812	  0.4839	  0.4880	  0.4883	  0.4900
-23.00	  0.4524	  0.4524	  0.4524	  0.4524	  0.4579	  0.4660	  0.4665	  0.4700
-22.00	  0.4236	  0.4236	  0.4236	  0.4236	  0.4318	  0.4440	  0.4448	  0.4500
-21.00	  0.3948	  0.3948	  0.3948	  0.3948	  0.4058	  0.4220	  0.4231	  0.4300
-20.00	  0.3660	  0.3660	  0.3660	  0.3660	  0.3797	  0.4000	  0.4013	  0.4100
-19.00	  0.3300	  0.3300	  0.3300	  0.3303	  0.3473	  0.3716	  0.3796	  0.3900
-18.00	  0.2831	  0.2831	  0.2831	  0.2843	  0.3053	  0.3332	  0.3579	  0.3700
-17.00	  0.2309	  0.2309	  0.2309	  0.2334	  0.2588	  0.2893	  0.3361	  0.3500
-16.00	  0.1790	  0.1790	  0.1790	  0.1832	  0.2129	  0.2446	  0.3144	  0.3300
-15.00	  0.1325	  0.1325	  0.1325	  0.1386	  0.1718	  0.2035	  0.2926	  0.3100
-14.00	  0.0949	  0.0949	  0.0949	  0.1029	  0.1389	  0.1691	  0.2709	  0.2900
-13.00	  0.0680	  0.0680	  0.0680	  0.0777	  0.1155	  0.1435	  0.2439	  0.2650
-12.00	  0.0518	  0.0518	  0.0518	  0.0629	  0.1016	  0.1272	  0.2091	  0.2325
-11.00	  0.0445	  0.0445	  0.0445	  0.0564	  0.0955	  0.1190	  0.1706	  0.1964
-10.00	  0.0430	  0.0430	  0.0430	  0.0552	  0.0943	  0.1169	  0.1326	  0.1607
 -9.00	  0.0327	  0.0327	  0.0327	  0.0323	  0.0677	  0.0961	  0.0988	  0.1286
 -8.00	  0.0230	  0.0230	  0.0230	  0.0188	  0.0425	  0.0748	  0.0716	  0.1027
 -7.00	  0.0143	  0.0143	  0.0143	  0.0129	  0.0237	  0.0539	  0.0506	  0.0827
 -6.00	  0.0115	  0.0115	  0.0115	  0.0111	  0.0145	  0.0356	  0.0394	  0.0718
 -5.00	  0.0106	  0.0106	  0.0106	  0.0106	  0.0112	  0.0218	  0.0356	  0.0677
 -4.00	  0.0104	  0.0104	  0.0104	  0.0100	  0.0100	  0.0134	  0.0353	  0.0672
 -3.00	  0.0100	  0.0100	  0.0100	  0.0097	  0.0095	  0.0100	  0.0195	  0.0532
 -2.00	  0.0098	  0.0098	  0.0098	  0.0095	  0.0092	  0.0091	  0.0110	  0.0354
 -1.00	  0.0097	  0.0097	  0.0097	  0.0093	  0.0091	  0.0089	  0.0087	  0.0198
  0.00	  0.0097	  0.0097	  0.0097	  0.0093	  0.0091	  0.0089	  0.0087	  0.0165
  1.00	  0.0098	  0.0098	  0.0098	  0.0094	  0.0092	  0.0091	  0.0095	  0.0280
  2.00	  0.0100	  0.0100	  0.0100	  0.0096	  0.0094	  0.0094	  0.0132	  0.0472
  3.00	  0.0103	  0.0103	  0.0103	  0.0099	  0.0097	  0.0103	  0.0232	  0.0617
  4.00	  0.0107	  0.0107	  0.0107	  0.0103	  0.0102	  0.0136	  0.0405	  0.0746
  5.00	  0.0112	  0.0112	  0.0112	  0.0109	  0.0108	  0.0220	  0.0574	  0.0882
  6.00	  0.0118	  0.0118	  0.0118	  0.0116	  0.0117	  0.0347	  0.0711	  0.1029
  7.00	  0.0126	  0.0126	  0.0126	  0.0125	  0.0146	  0.0500	  0.0850	  0.1182
  8.00	  0.0136	  0.0136	  0.0136	  0.0136	  0.0226	  0.0683	  0.1013	  0.1339
  9.00	  0.0148	  0.0148	  0.0148	  0.0154	  0.0364	  0.0888	  0.1192	  0.1514
 10.00	  0.0160	  0.0160	  0.0160	  0.0193	  0.0556	  0.1088	  0.1382	  0.1716
 11.00	  0.0174	  0.0174	  0.0174	  0.0277	  0.0786	  0.1282	  0.1581	  0.1940
 12.00	  0.0192	  0.0192	  0.0192	  0.0423	  0.1042	  0.1481	  0.1790	  0.2182
 13.00	  0.0246	  0.0246	  0.0246	  0.0632	  0.1304	  0.1696	  0.2013	  0.2437
 14.00	  0.0357	  0.0357	  0.0357	  0.0915	  0.1559	  0.1927	  0.2248	  0.2700
 15.00	  0.0571	  0.0571	  0.0571	  0.1239	  0.1817	  0.2172	  0.2494	  0.2973
 16.00	  0.0949	  0.0949	  0.0949	  0.1595	  0.2082	  0.2431	  0.2751	  0.3242
 17.00	  0.1398	  0.1398	  0.1398	  0.1962	  0.2352	  0.2690	  0.3016	  0.3506
 18.00	  0.1806	  0.1806	  0.1806	  0.2251	  0.2622	  0.2959	  0.3283	  0.3762
 19.00	  0.2173	  0.2173	  0.2173	  0.2530	  0.2897	  0.3252	  0.3523	  0.3968
 20.00	  0.2518	  0.2518	  0.2518	  0.2822	  0.3171	  0.3578	  0.3811	  0.4092
 21.00	  0.2546	  0.2546	  0.2546	  0.2845	  0.3196	  0.3605	  0.3856	  0.4150
 22.00	  0.2657	  0.2657	  0.2657	  0.2941	  0.3295	  0.3704	  0.3997	  0.4318
 23.00	  0.2885	  0.2885	  0.2885	  0.3143	  0.3493	  0.3893	  0.4235	  0.4583
 24.00	  0.3247	  0.3247	  0.3247	  0.3470	  0.3804	  0.4180	  0.4558	  0.4921
 25.00	  0.3737	  0.3737	  0.3737	  0.3918	  0.4220	  0.4556	  0.4944	  0.5301
 26.00	  0.4328	  0.4328	  0.4328	  0.4464	  0.4718	  0.4998	  0.5363	  0.5686
 27.00	  0.4975	  0.4975	  0.4975	  0.5066	  0.5259	  0.5470	  0.5776	  0.6040
 28.00	  0.5615	  0.5615	  0.5615	  0.5665	  0.5791	  0.5926	  0.6145	  0.6328
 29.00	  0.6179	  0.6179	  0.6179	  0.6198	  0.6256	  0.6318	  0.6430	  0.6521
 30.00	  0.6600	  0.6600	  0.6600	  0.6600	  0.6600	  0.6600	  0.6600	  0.6600
 31.00	  0.6805	  0.6805	  0.6805	  0.6805	  0.6805	  0.6805	  0.6805	  0.6805
 32.00	  0.7010	  0.7010	  0.7010	  0.7010	  0.7010	  0.7010	  0.7010	  0.7010
 33.00	  0.7215	  0.7215	  0.7215	  0.7215	  0.7215	  0.7215	  0.7215	  0.7215
 34.00	  0.7420	  0.7420	  0.7420	  0.7420	  0.7420	  0.7420	  0.7420	  0.7420
 35.00	  0.7625	  0.7625	  0.7625	  0.7625	  0.7625	  0.7625	  0.7625	  0.7625
 36.00	  0.7830	  0.7830	  0.7830	  0.7830	  0.7830	  0.7830	  0.7830	  0.7830
 37.00	  0.8035	  0.8035	  0.8035	  0.8035	  0.8035	  0.8035	  0.8035	  0.8035
 38.00	  0.8240	  0.8240	  0.8240	  0.8240	  0.8240	  0.8240	  0.8240	  0.8240
 39.00	  0.8445	  0.8445	  0.8445	  0.8445	  0.8445	  0.8445	  0.8445	  0.8445
 40.00	  0.8650	  0.8650	  0.8650	  0.8650	  0.8650	  0.8650	  0.8650	  0.8650
 41.00	  0.8855	  0.8855	  0.8855	  0.8855	  0.8855	  0.8855	  0.8855	  0.8855
 42.00	  0.9060	  0.9060	  0.9060	  0.9060	  0.9060	  0.9060	  0.9060	  0.9060
 43.00	  0.9265	  0.9265	  0.9265	  0.9265	  0.9265	  0.9265	  0.9265	  0.9265
 44.00	  0.9470	  0.9470	  0.9470	  0.9470	  0.9470	  0.9470	  0.9470	  0.9470
 45.00	  0.9675	  0.9675	  0.9675	  0.9675	  0.9675	  0.9675	  0.9675	  0.9675
 46.00	  0.9880	  0.9880	  0.9880	  0.9880	  0.9880	  0.9880	  0.9880	  0.9880
 47.00	  1.0085	  1.0085	  1.0085	  1.0085	  1.0085	  1.0085	  1.0085	  1.0085
 48.00	  1.0290	  1.0290	  1.0290	  1.0290	  1.0290	  1.0290	  1.0290	  1.0290
 49.00	  1.0495	  1.0495	  1.0495	  1.0495	  1.0495	  1.0495	  1.0495	  1.0495
 50.00	  1.0700	  1.0700	  1.0700	  1.0700	  1.0700	  1.0700	  1.0700	  1.0700
 51.00	  1.0843	  1.0843	  1.0843	  1.0843	  1.0843	  1.0843	  1.0843	  1.0843
 52.00	  1.0987	  1.0987	  1.0987	  1.0987	  1.0987	  1.0987	  1.0987	  1.0987
 53.00	  1.1130	  1.1130	  1.1130	  1.1130	  1.1130	  1.1130	  1.1130	  1.1130
 54.00	  1.1273	  1.1273	  1.1273	  1.1273	  1.1273	  1.1273	  1.1273	  1.1273
 55.00	  1.1417	  1.1417	  1.1417	  1.1417	  1.1417	  1.1417	  1.1417	  1.1417
 56.00	  1.1560	  1.1560	  1.1560	  1.1560	  1.1560	  1.1560	  1.1560	  1.1560
 57.00	  1.1703	  1.1703	  1.1703	  1.1703	  1.1703	  1.1703	  1.1703	  1.1703
 58.00	  1.1847	  1.1847	  1.1847	  1.1847	  1.1847	  1.1847	  1.1847	  1.1847
 59.00	  1.1990	  1.1990	  1.1990	  1.1990	  1.1990	  1.1990	  1.1990	  1.1990
 60.00	  1.2133	  1.2133	  1.2133	  1.2133	  1.2133	  1.2133	  1.2133	  1.2133
 61.00	  1.2277	  1.2277	  1.2277	  1.2277	  1.2277	  1.2277	  1.2277	  1.2277
 62.00	  1.2420	  1.2420	  1.2420	  1.2420	  1.2420	  1.2420	  1.2420	  1.2420
 63.00	  1.2563	  1.2563	  1.2563	  1.2563	  1.2563	  1.2563	  1.2563	  1.2563
 64.00	  1.2707	  1.2707	  1.2707	  1.2707	  1.2707	  1.2707	  1.2707	  1.2707
 65.00	  1.2850	  1.2850	  1.2850	  1.2850	  1.2850	  1.2850	  1.2850	  1.2850
 66.00	  1.2993	  1.2993	  1.2993	  1.2993	  1.2993	  1.2993	  1.2993	  1.2993
 67.00	  1.3137	  1.3137	  1.3137	  1.3137	  1.3137	  1.3137	  1.3137	  1.3137
 68.00	  1.3280	  1.3280	  1.3280	  1.3280	  1.3280	  1.3280	  1.3280	  1.3280
 69.00	  1.3423	  1.3423	  1.3423	  1.3423	  1.3423	  1.3423	  1.3423	  1.3423
 70.00	  1.3567	  1.3567	  1.3567	  1.3567	  1.3567	  1.3567	  1.3567	  1.3567
 71.00	  1.3710	  1.3710	  1.3710	  1.3710	  1.3710	  1.3710	  1.3710	  1.3710
 72.00	  1.3853	  1.3853	  1.3853	  1.3853	  1.3853	  1.3853	  1.3853	  1.3853
 73.00	  1.3997	  1.3997	  1.3997	  1.3997	  1.3997	  1.3997	  1.3997	  1.3997
 74.00	  1.4140	  1.4140	  1.4140	  1.4140	  1.4140	  1.4140	  1.4140	  1.4140
 75.00	  1.4283	  1.4283	  1.4283	  1.4283	  1.4283	  1.4283	  1.4283	  1.4283
 76.00	  1.4427	  1.4427	  1.4427	  1.4427	  1.4427	  1.4427	  1.4427	  1.4427
 77.00	  1.4570	  1.4570	  1.4570	  1.4570	  1.4570	  1.4570	  1.4570	  1.4570
 78.00	  1.4713	  1.4713	  1.4713	  1.4713	  1.4713	  1.4713	  1.4713	  1.4713
 79.00	  1.4857	  1.4857	  1.4857	  1.4857	  1.4857	  1.4857	  1.4857	  1.4857
 80.00	  1.5000	  1.5000	  1.5000	  1.5000	  1.5000	  1.5000	  1.5000	  1.5000
 81.00	  1.5060	  1.5060	  1.5060	  1.5060	  1.5060	  1.5060	  1.5060	  1.5060
 82.00	  1.5120	  1.5120	  1.5120	  1.5120	  1.5120	  1.5120	  1.5120	  1.5120
 83.00	  1.5180	  1.5180	  1.5180	  1.5180	  1.5180	  1.5180	  1.5180	  1.5180
 84.00	  1.5240	  1.5240	  1.5240	  1.5240	  1.5240	  1.5240	  1.5240	  1.5240
 85.00	  1.5300	  1.5300	  1.5300	  1.5300	  1.5300	  1.5300	  1.5300	  1.5300
 86.00	  1.5360	  1.5360	  1.5360	  1.5360	  1.5360	  1.5360	  1.5360	  1.5360
 87.00	  1.5420	  1.5420	  1.5420	  1.5420	  1.5420	  1.5420	  1.5420	  1.5420
 88.00	  1.5480	  1.5480	  1.5480	  1.5480	  1.5480	  1.5480	  1.5480	  1.5480
 89.00	  1.5540	  1.5540	  1.5540	  1.5540	  1.5540	  1.5540	  1.5540	  1.5540
 90.00	  1.5600	  1.5600	  1.5600	  1.5600	  1.5600	  1.5600	  1.5600	  1.5600
 91.00	  1.5550	  1.5550	  1.5550	  1.5550	  1.5550	  1.5550	  1.5550	  1.5550
 92.00	  1.5500	  1.5500	  1.5500	  1.5500	  1.5500	  1.5500	  1.5500	  1.5500
 93.00	  1.5450	  1.5450	  1.5450	  1.5450	  1.5450	  1.5450	  1.5450	  1.5450
 94.00	  1.5400	  1.5400	  1.5400	  1.5400	  1.5400	  1.5400	  1.5400	  1.5400
 95.00	  1.5350	  1.5350	  1.5350	  1.5350	  1.5350	  1.5350	  1.5350	  1.5350
 96.00	  1.5300	  1.5300	  1.5300	  1.5300	  1.5300	  1.5300	  1.5300	  1.5300
 97.00	  1.5250	  1.5250	  1.5250	  1.5250	  1.5250	  1.5250	  1.5250	  1.5250
 98.00	  1.5200	  1.5200	  1.5200	  1.5200	  1.5200	  1.5200	  1.5200	  1.5200
 99.00	  1.5150	  1.5150	  1.5150	  1.5150	  1.5150	  1.5150	  1.5150	  1.5150
100.00	  1.5100	  1.5100	  1.5100	  1.5100	  1.5100	  1.5100	  1.5100	  1.5100
101.00	  1.4960	  1.4960	  1.4960	  1.4960	  1.4960	  1.4960	  1.4960	  1.4960
102.00	  1.4820	  1.4820	  1.4820	  1.4820	  1.4820	  1.4820	  1.4820	  1.4820
103.00	  1.4680	  1.4680	  1.4680	  1.4680	  1.4680	  1.4680	  1.4680	  1.4680
104.00	  1.4540	  1.4540	  1.4540	  1.4540	  1.4540	  1.4540	  1.4540	  1.4540
105.00	  1.4400	  1.4400	  1.4400	  1.4400	  1.4400	  1.4400	  1.4400	  1.4400
106.00	  1.4260	  1.4260	  1.4260	  1.4260	  1.4260	  1.4260	  1.4260	  1.4260
107.00	  1.4120	  1.4120	  1.4120	  1.4120	  1.4120	  1.4120	  1.4120	  1.4120
108.00	  1.3980	  1.3980	  1.3980	  1.3980	  1.3980	  1.3980	  1.3980	  1.3980
109.00	  1.3840	  1.3840	  1.3840	  1.3840	  1.3840	  1.3840	  1.3840	  1.3840
110.00	  1.3700	  1.3700	  1.3700	  1.3700	  1.3700	  1.3700	  1.3700	  1.3700
111.00	  1.3560	  1.3560	  1.3560	  1.3560	  1.3560	  1.3560	  1.3560	  1.3560
112.00	  1.3420	  1.3420	  1.3420	  1.3420	  1.3420	  1.3420	  1.3420	  1.3420
113.00	  1.3280	  1.3280	  1.3280	  1.3280	  1.3280	  1.3280	  1.3280	  1.3280
114.00	  1.3140	  1.3140	  1.3140	  1.3140	  1.3140	  1.3140	  1.3140	  1.3140
115.00	  1.3000	  1.3000	  1.3000	  1.3000	  1.3000	  1.3000	  1.3000	  1.3000
116.00	  1.2860	  1.2860	  1.2860	  1.2860	  1.2860	  1.2860	  1.2860	  1.2860
117.00	  1.2720	  1.2720	  1.2720	  1.2720	  1.2720	  1.2720	  1.2720	  1.2720
118.00	  1.2580	  1.2580	  1.2580	  1.2580	  1.2580	  1.2580	  1.2580	  1.2580
119.00	  1.2440	  1.2440	  1.2440	  1.2440	  1.2440	  1.2440	  1.2440	  1.2440
120.00	  1.2300	  1.2300	  1.2300	  1.2300	  1.2300	  1.2300	  1.2300	  1.2300
121.00	  1.2130	  1.2130	  1.2130	  1.2130	  1.2130	  1.2130	  1.2130	  1.2130
122.00	  1.1960	  1.1960	  1.1960	  1.1960	  1.1960	  1.1960	  1.1960	  1.1960
123.00	  1.1790	  1.1790	  1.1790	  1.1790	  1.1790	  1.1790	  1.1790	  1.1790
124.00	  1.1620	  1.1620	  1.1620	  1.1620	  1.1620	  1.1620	  1.1620	  1.1620
125.00	  1.1450	  1.1450	  1.1450	  1.1450	  1.1450	  1.1450	  1.1450	  1.1450
126.00	  1.1280	  1.1280	  1.1280	  1.1280	  1.1280	  1.1280	  1.1280	  1.1280
127.00	  1.1110	  1.1110	  1.1110	  1.1110	  1.1110	  1.1110	  1.1110	  1.1110
128.00	  1.0940	  1.0940	  1.0940	  1.0940	  1.0940	  1.0940	  1.0940	  1.0940
129.00	  1.0770	  1.0770	  1.0770	  1.0770	  1.0770	  1.0770	  1.0770	  1.0770
130.00	  1.0600	  1.0600	  1.0600	  1.0600	  1.0600	  1.0600	  1.0600	  1.0600
131.00	  1.0430	  1.0430	  1.0430	  1.0430	  1.0430	  1.0430	  1.0430	  1.0430
132.00	  1.0260	  1.0260	  1.0260	  1.0260	  1.0260	  1.0260	  1.0260	  1.0260
133.00	  1.0090	  1.0090	  1.0090	  1.0090	  1.0090	  1.0090	  1.0090	  1.0090
134.00	  0.9920	  0.9920	  0.9920	  0.9920	  0.9920	  0.9920	  0.9920	  0.9920
135.00	  0.9750	  0.9750	  0.9750	  0.9750	  0.9750	  0.9750	  0.9750	  0.9750
136.00	  0.9580	  0.9580	  0.9580	  0.9580	  0.9580	  0.9580	  0.9580	  0.9580
137.00	  0.9410	  0.9410	  0.9410	  0.9410	  0.9410	  0.9410	  0.9410	  0.9410
138.00	  0.9240	  0.9240	  0.9240	  0.9240	  0.9240	  0.9240	  0.9240	  0.9240
139.00	  0.9070	  0.9070	  0.9070	  0.9070	  0.9070	  0.9070	  0.9070	  0.9070
140.00	  0.8900	  0.8900	  0.8900	  0.8900	  0.8900	  0.8900	  0.8900	  0.8900
141.00	  0.8640	  0.8640	  0.8640	  0.8640	  0.8640	  0.8640	  0.8640	  0.8640
142.00	  0.8380	  0.8380	  0.8380	  0.8380	  0.8380	  0.8380	  0.8380	  0.8380
143.00	  0.8120	  0.8120	  0.8120	  0.8120	  0.8120	  0.8120	  0.8120	  0.8120
144.00	  0.7860	  0.7860	  0.7860	  0.7860	  0.7860	  0.7860	  0.7860	  0.7860
145.00	  0.7600	  0.7600	  0.7600	  0.7600	  0.7600	  0.7600	  0.7600	  0.7600
146.00	  0.7340	  0.7340	  0.7340	  0.7340	  0.7340	  0.7340	  0.7340	  0.7340
147.00	  0.7080	  0.7080	  0.7080	  0.7080	  0.7080	  0.7080	  0.7080	  0.7080
148.00	  0.6820	  0.6820	  0.6820	  0.6820	  0.6820	  0.6820	  0.6820	  0.6820
149.00	  0.6560	  0.6560	  0.6560	  0.6560	  0.6560	  0.6560	  0.6560	  0.6560
150.00	  0.6300	  0.6300	  0.6300	  0.6300	  0.6300	  0.6300	  0.6300	  0.6300
151.00	  0.6040	  0.6040	  0.6040	  0.6040	  0.6040	  0.6040	  0.6040	  0.6040
152.00	  0.5780	  0.5780	  0.5780	  0.5780	  0.5780	  0.5780	  0.5780	  0.5780
153.00	  0.5520	  0.5520	  0.5520	  0.5520	  0.5520	  0.5520	  0.5520	  0.5520
154.00	  0.5260	  0.5260	  0.5260	  0.5260	  0.5260	  0.5260	  0.5260	  0.5260
155.00	  0.5000	  0.5000	  0.5000	  0.5000	  0.5000	  0.5000	  0.5000	  0.5000
156.00	  0.4689	  0.4689	  0.4689	  0.4689	  0.4689	  0.4689	  0.4689	  0.4689
157.00	  0.4378	  0.4378	  0.4378	  0.4378	  0.4378	  0.4378	  0.4378	  0.4378
158.00	  0.4067	  0.4067	  0.4067	  0.4067	  0.4067	  0.4067	  0.4067	  0.4067
159.00	  0.3756	  0.3756	  0.3756	  0.3756	  0.3756	  0.3756	  0.3756	  0.3756
160.00	  0.3444	  0.3444	  0.3444	  0.3444	  0.3444	  0.3444	  0.3444	  0.3444
161.00	  0.3133	  0.3133	  0.3133	  0.3133	  0.3133	  0.3133	  0.3133	  0.3133
162.00	  0.2822	  0.2822	  0.2822	  0.2822	  0.2822	  0.2822	  0.2822	  0.2822
163.00	  0.2511	  0.2511	  0.2511	  0.2511	  0.2511	  0.2511	  0.2511	  0.2511
164.00	  0.2200	  0.2200	  0.2200	  0.2200	  0.2200	  0.2200	  0.2200	  0.2200
165.00	  0.2017	  0.2017	  0.2017	  0.2017	  0.2017	  0.2017	  0.2017	  0.2017
166.00	  0.1833	  0.1833	  0.1833	  0.1833	  0.1833	  0.1833	  0.1833	  0.1833
167.00	  0.1650	  0.1650	  0.1650	  0.1650	  0.1650	  0.1650	  0.1650	  0.1650
168.00	  0.1467	  0.1467	  0.1467	  0.1467	  0.1467	  0.1467	  0.1467	  0.1467
169.00	  0.1283	  0.1283	  0.1283	  0.1283	  0.1283	  0.1283	  0.1283	  0.1283
170.00	  0.1100	  0.1100	  0.1100	  0.1100	  0.1100	  0.1100	  0.1100	  0.1100
171.00	  0.0960	  0.0960	  0.0960	  0.0960	  0.0960	  0.0960	  0.0960	  0.0960
172.00	  0.0820	  0.0820	  0.0820	  0.0820	  0.0820	  0.0820	  0.0820	  0.0820
173.00	  0.0680	  0.0680	  0.0680	  0.0680	  0.0680	  0.0680	  0.0680	  0.0680
174.00	  0.0540	  0.0540	  0.0540	  0.0540	  0.0540	  0.0540	  0.0540	  0.0540
175.00	  0.0400	  0.0400	  0.0400	  0.0400	  0.0400	  0.0400	  0.0400	  0.0400
176.00	  0.0350	  0.0350	  0.0350	  0.0350	  0.0350	  0.0350	  0.0350	  0.0350
177.00	  0.0300	  0.0300	  0.0300	  0.0300	  0.0300	  0.0300	  0.0300	  0.0300
178.00	  0.0250	  0.0250	  0.0250	  0.0250	  0.0250	  0.0250	  0.0250	  0.0250
179.00	  0.0200	  0.0200	  0.0200	  0.0200	  0.0200	  0.0200	  0.0200	  0.0200
180.00	  0.0150	  0.0150	  0.0150	  0.0150	  0.0150	  0.0150	  0.0150	  0.0150

Cm vs alpha & Mach
alpha	M0.1	M0.2	M0.3	M0.4	M0.5	M0.6	M0.7	M0.8
-180.00	 -0.0400	 -0.0400	 -0.0400	 -0.0400	 -0.0400	 -0.0400	 -0.0400	 -0.0400
-179.00	  0.0112	  0.0112	  0.0112	  0.0112	  0.0112	  0.0112	  0.0112	  0.0112
-178.00	  0.0625	  0.0625	  0.0625	  0.0625	  0.0625	  0.0625	  0.0625	  0.0625
-177.00	  0.1138	  0.1138	  0.1138	  0.1138	  0.1138	  0.1138	  0.1138	  0.1138
-176.00	  0.1650	  0.1650	  0.1650	  0.1650	  0.1650	  0.1650	  0.1650	  0.1650
-175.00	  0.2162	  0.2162	  0.2162	  0.2162	  0.2162	  0.2162	  0.2162	  0.2162
-174.00	  0.2675	  0.2675	  0.2675	  0.2675	  0.2675	  0.2675	  0.2675	  0.2675
-173.00	  0.3188	  0.3188	  0.3188	  0.3188	  0.3188	  0.3188	  0.3188	  0.3188
-172.00	  0.3700	  0.3700	  0.3700	  0.3700	  0.3700	  0.3700	  0.3700	  0.3700
-171.00	  0.3650	  0.3650	  0.3650	  0.3650	  0.3650	  0.3650	  0.3650	  0.3650
-170.00	  0.3600	  0.3600	  0.3600	  0.3600	  0.3600	  0.3600	  0.3600	  0.3600
-169.00	  0.3550	  0.3550	  0.3550	  0.3550	  0.3550	  0.3550	  0.3550	  0.3550
-168.00	  0.3500	  0.3500	  0.3500	  0.3500	  0.3500	  0.3500	  0.3500	  0.3500
-167.00	  0.3600	  0.3600	  0.3600	  0.3600	  0.3600	  0.3600	  0.3600	  0.3600
-166.00	  0.3700	  0.3700	  0.3700	  0.3700	  0.3700	  0.3700	  0.3700	  0.3700
-165.00	  0.3800	  0.3800	  0.3800	  0.3800	  0.3800	  0.3800	  0.3800	  0.3800
-164.00	  0.3900	  0.3900	  0.3900	  0.3900	  0.3900	  0.3900	  0.3900	  0.3900
-163.00	  0.3938	  0.3938	  0.3938	  0.3938	  0.3938	  0.3938	  0.3938	  0.3938
-162.00	  0.3975	  0.3975	  0.3975	  0.3975	  0.3975	  0.3975	  0.3975	  0.3975
-161.00	  0.4012	  0.4012	  0.4012	  0.4012	  0.4012	  0.4012	  0.4012	  0.4012
-160.00	  0.4050	  0.4050	  0.4050	  0.4050	  0.4050	  0.4050	  0.4050	  0.4050
-159.00	  0.4088	  0.4088	  0.4088	  0.4088	  0.4088	  0.4088	  0.4088	  0.4088
-158.00	  0.4125	  0.4125	  0.4125	  0.4125	  0.4125	  0.4125	  0.4125	  0.4125
-157.00	  0.4162	  0.4162	  0.4162	  0.4162	  0.4162	  0.4162	  0.4162	  0.4162
-156.00	  0.4200	  0.4200	  0.4200	  0.4200	  0.4200	  0.4200	  0.4200	  0.4200
-155.00	  0.4242	  0.4242	  0.4242	  0.4242	  0.4242	  0.4242	  0.4242	  0.4242
-154.00	  0.4283	  0.4283	  0.4283	  0.4283	  0.4283	  0.4283	  0.4283	  0.4283
-153.00	  0.4325	  0.4325	  0.4325	  0.4325	  0.4325	  0.4325	  0.4325	  0.4325
-152.00	  0.4367	  0.4367	  0.4367	  0.4367	  0.4367	  0.4367	  0.4367	  0.4367
-151.00	  0.4408	  0.4408	  0.4408	  0.4408	  0.4408	  0.4408	  0.4408	  0.4408
-150.00	  0.4450	  0.4450	  0.4450	  0.4450	  0.4450	  0.4450	  0.4450	  0.4450
-149.00	  0.4515	  0.4515	  0.4515	  0.4515	  0.4515	  0.4515	  0.4515	  0.4515
-148.00	  0.4580	  0.4580	  0.4580	  0.4580	  0.4580	  0.4580	  0.4580	  0.4580
-147.00	  0.4645	  0.4645	  0.4645	  0.4645	  0.4645	  0.4645	  0.4645	  0.4645
-146.00	  0.4710	  0.4710	  0.4710	  0.4710	  0.4710	  0.4710	  0.4710	  0.4710
-145.00	  0.4775	  0.4775	  0.4775	  0.4775	  0.4775	  0.4775	  0.4775	  0.4775
-144.00	  0.4840	  0.4840	  0.4840	  0.4840	  0.4840	  0.4840	  0.4840	  0.4840
-143.00	  0.4905	  0.4905	  0.4905	  0.4905	  0.4905	  0.4905	  0.4905	  0.4905
-142.00	  0.4970	  0.4970	  0.4970	  0.4970	  0.4970	  0.4970	  0.4970	  0.4970
-141.00	  0.5035	  0.5035	  0.5035	  0.5035	  0.5035	  0.5035	  0.5035	  0.5035
-140.00	  0.5100	  0.5100	  0.5100	  0.5100	  0.5100	  0.5100	  0.5100	  0.5100
-139.00	  0.5165	  0.5165	  0.5165	  0.5165	  0.5165	  0.5165	  0.5165	  0.5165
-138.00	  0.5230	  0.5230	  0.5230	  0.5230	  0.5230	  0.5230	  0.5230	  0.5230
-137.00	  0.5295	  0.5295	  0.5295	  0.5295	  0.5295	  0.5295	  0.5295	  0.5295
-136.00	  0.5360	  0.5360	  0.5360	  0.5360	  0.5360	  0.5360	  0.5360	  0.5360
-135.00	  0.5425	  0.5425	  0.5425	  0.5425	  0.5425	  0.5425	  0.5425	  0.5425
-134.00	  0.5490	  0.5490	  0.5490	  0.5490	  0.5490	  0.5490	  0.5490	  0.5490
-133.00	  0.5555	  0.5555	  0.5555	  0.5555	  0.5555	  0.5555	  0.5555	  0.5555
-132.00	  0.5620	  0.5620	  0.5620	  0.5620	  0.5620	  0.5620	  0.5620	  0.5620
-131.00	  0.5685	  0.5685	  0.5685	  0.5685	  0.5685	  0.5685	  0.5685	  0.5685
-130.00	  0.5750	  0.5750	  0.5750	  0.5750	  0.5750	  0.5750	  0.5750	  0.5750
-129.00	  0.5767	  0.5767	  0.5767	  0.5767	  0.5767	  0.5767	  0.5767	  0.5767
-128.00	  0.5783	  0.5783	  0.5783	  0.5783	  0.5783	  0.5783	  0.5783	  0.5783
-127.00	  0.5800	  0.5800	  0.5800	  0.5800	  0.5800	  0.5800	  0.5800	  0.5800
-126.00	  0.5817	  0.5817	  0.5817	  0.5817	  0.5817	  0.5817	  0.5817	  0.5817
-125.00	  0.5833	  0.5833	  0.5833	  0.5833	  0.5833	  0.5833	  0.5833	  0.5833
-124.00	  0.5850	  0.5850	  0.5850	  0.5850	  0.5850	  0.5850	  0.5850	  0.5850
-123.00	  0.5867	  0.5867	  0.5867	  0.5867	  0.5867	  0.5867	  0.5867	  0.5867
-122.00	  0.5883	  0.5883	  0.5883	  0.5883	  0.5883	  0.5883	  0.5883	  0.5883
-121.00	  0.5900	  0.5900	  0.5900	  0.5900	  0.5900	  0.5900	  0.5900	  0.5900
-120.00	  0.5917	  0.5917	  0.5917	  0.5917	  0.5917	  0.5917	  0.5917	  0.5917
-119.00	  0.5933	  0.5933	  0.5933	  0.5933	  0.5933	  0.5933	  0.5933	  0.5933
-118.00	  0.5950	  0.5950	  0.5950	  0.5950	  0.5950	  0.5950	  0.5950	  0.5950
-117.00	  0.5967	  0.5967	  0.5967	  0.5967	  0.5967	  0.5967	  0.5967	  0.5967
-116.00	  0.5983	  0.5983	  0.5983	  0.5983	  0.5983	  0.5983	  0.5983	  0.5983
-115.00	  0.6000	  0.6000	  0.6000	  0.6000	  0.6000	  0.6000	  0.6000	  0.6000
-114.00	  0.5980	  0.5980	  0.5980	  0.5980	  0.5980	  0.5980	  0.5980	  0.5980
-113.00	  0.5960	  0.5960	  0.5960	  0.5960	  0.5960	  0.5960	  0.5960	  0.5960
-112.00	  0.5940	  0.5940	  0.5940	  0.5940	  0.5940	  0.5940	  0.5940	  0.5940
-111.00	  0.5920	  0.5920	  0.5920	  0.5920	  0.5920	  0.5920	  0.5920	  0.5920
-110.00	  0.5900	  0.5900	  0.5900	  0.5900	  0.5900	  0.5900	  0.5900	  0.5900
-109.00	  0.5880	  0.5880	  0.5880	  0.5880	  0.5880	  0.5880	  0.5880	  0.5880
-108.00	  0.5860	  0.5860	  0.5860	  0.5860	  0.5860	  0.5860	  0.5860	  0.5860
-107.00	  0.5840	  0.5840	  0.5840	  0.5840	  0.5840	  0.5840	  0.5840	  0.5840
-106.00	  0.5820	  0.5820	  0.5820	  0.5820	  0.5820	  0.5820	  0.5820	  0.5820
-105.00	  0.5800	  0.5800	  0.5800	  0.5800	  0.5800	  0.5800	  0.5800	  0.5800
-104.00	  0.5780	  0.5780	  0.5780	  0.5780	  0.5780	  0.5780	  0.5780	  0.5780
-103.00	  0.5760	  0.5760	  0.5760	  0.5760	  0.5760	  0.5760	  0.5760	  0.5760
-102.00	  0.5740	  0.5740	  0.5740	  0.5740	  0.5740	  0.5740	  0.5740	  0.5740
-101.00	  0.5720	  0.5720	  0.5720	  0.5720	  0.5720	  0.5720	  0.5720	  0.5720
-100.00	  0.5700	  0.5700	  0.5700	  0.5700	  0.5700	  0.5700	  0.5700	  0.5700
-99.00	  0.5680	  0.5680	  0.5680	  0.5680	  0.5680	  0.5680	  0.5680	  0.5680
-98.00	  0.5660	  0.5660	  0.5660	  0.5660	  0.5660	  0.5660	  0.5660	  0.5660
-97.00	  0.5640	  0.5640	  0.5640	  0.5640	  0.5640	  0.5640	  0.5640	  0.5640
-96.00	  0.5620	  0.5620	  0.5620	  0.5620	  0.5620	  0.5620	  0.5620	  0.5620
-95.00	  0.5600	  0.5600	  0.5600	  0.5600	  0.5600	  0.5600	  0.5600	  0.5600
-94.00	  0.5580	  0.5580	  0.5580	  0.5580	  0.5580	  0.5580	  0.5580	  0.5580
-93.00	  0.5560	  0.5560	  0.5560	  0.5560	  0.5560	  0.5560	  0.5560	  0.5560
-92.00	  0.5540	  0.5540	  0.5540	  0.5540	  0.5540	  0.5540	  0.5540	  0.5540
-91.00	  0.5520	  0.5520	  0.5520	  0.5520	  0.5520	  0.5520	  0.5520	  0.5520
-90.00	  0.5500	  0.5500	  0.5500	  0.5500	  0.5500	  0.5500	  0.5500	  0.5500
-89.00	  0.5450	  0.5450	  0.5450	  0.5450	  0.5450	  0.5450	  0.5450	  0.5450
-88.00	  0.5400	  0.5400	  0.5400	  0.5400	  0.5400	  0.5400	  0.5400	  0.5400
-87.00	  0.5350	  0.5350	  0.5350	  0.5350	  0.5350	  0.5350	  0.5350	  0.5350
-86.00	  0.5300	  0.5300	  0.5300	  0.5300	  0.5300	  0.5300	  0.5300	  0.5300
-85.00	  0.5250	  0.5250	  0.5250	  0.5250	  0.5250	  0.5250	  0.5250	  0.5250
-84.00	  0.5200	  0.5200	  0.5200	  0.5200	  0.5200	  0.5200	  0.5200	  0.5200
-83.00	  0.5150	  0.5150	  0.5150	  0.5150	  0.5150	  0.5150	  0.5150	  0.5150
-82.00	  0.5100	  0.5100	  0.5100	  0.5100	  0.5100	  0.5100	  0.5100	  0.5100
-81.00	  0.5050	  0.5050	  0.5050	  0.5050	  0.5050	  0.5050	  0.5050	  0.5050
-80.00	  0.5000	  0.5000	  0.5000	  0.5000	  0.5000	  0.5000	  0.5000	  0.5000
-79.00	  0.4950	  0.4950	  0.4950	  0.4950	  0.4950	  0.4950	  0.4950	  0.4950
-78.00	  0.4900	  0.4900	  0.4900	  0.4900	  0.4900	  0.4900	  0.4900	  0.4900
-77.00	  0.4850	  0.4850	  0.4850	  0.4850	  0.4850	  0.4850	  0.4850	  0.4850
-76.00	  0.4800	  0.4800	  0.4800	  0.4800	  0.4800	  0.4800	  0.4800	  0.4800
-75.00	  0.4750	  0.4750	  0.4750	  0.4750	  0.4750	  0.4750	  0.4750	  0.4750
-74.00	  0.4700	  0.4700	  0.4700	  0.4700	  0.4700	  0.4700	  0.4700	  0.4700
-73.00	  0.4650	  0.4650	  0.4650	  0.4650	  0.4650	  0.4650	  0.4650	  0.4650
-72.00	  0.4600	  0.4600	  0.4600	  0.4600	  0.4600	  0.4600	  0.4600	  0.4600
-71.00	  0.4550	  0.4550	  0.4550	  0.4550	  0.4550	  0.4550	  0.4550	  0.4550
-70.00	  0.4500	  0.4500	  0.4500	  0.4500	  0.4500	  0.4500	  0.4500	  0.4500
-69.00	  0.4450	  0.4450	  0.4450	  0.4450	  0.4450	  0.4450	  0.4450	  0.4450
-68.00	  0.4400	  0.4400	  0.4400	  0.4400	  0.4400	  0.4400	  0.4400	  0.4400
-67.00	  0.4350	  0.4350	  0.4350	  0.4350	  0.4350	  0.4350	  0.4350	  0.4350
-66.00	  0.4300	  0.4300	  0.4300	  0.4300	  0.4300	  0.4300	  0.4300	  0.4300
-65.00	  0.4250	  0.4250	  0.4250	  0.4250	  0.4250	  0.4250	  0.4250	  0.4250
-64.00	  0.4200	  0.4200	  0.4200	  0.4200	  0.4200	  0.4200	  0.4200	  0.4200
-63.00	  0.4150	  0.4150	  0.4150	  0.4150	  0.4150	  0.4150	  0.4150	  0.4150
-62.00	  0.4100	  0.4100	  0.4100	  0.4100	  0.4100	  0.4100	  0.4100	  0.4100
-61.00	  0.4050	  0.4050	  0.4050	  0.4050	  0.4050	  0.4050	  0.4050	  0.4050
-60.00	  0.4000	  0.4000	  0.4000	  0.4000	  0.4000	  0.4000	  0.4000	  0.4000
-59.00	  0.3930	  0.3930	  0.3930	  0.3930	  0.3930	  0.3930	  0.3930	  0.3930
-58.00	  0.3860	  0.3860	  0.3860	  0.3860	  0.3860	  0.3860	  0.3860	  0.3860
-57.00	  0.3790	  0.3790	  0.3790	  0.3790	  0.3790	  0.3790	  0.3790	  0.3790
-56.00	  0.3720	  0.3720	  0.3720	  0.3720	  0.3720	  0.3720	  0.3720	  0.3720
-55.00	  0.3650	  0.3650	  0.3650	  0.3650	  0.3650	  0.3650	  0.3650	  0.3650
-54.00	  0.3580	  0.3580	  0.3580	  0.3580	  0.3580	  0.3580	  0.3580	  0.3580
-53.00	  0.3510	  0.3510	  0.3510	  0.3510	  0.3510	  0.3510	  0.3510	  0.3510
-52.00	  0.3440	  0.3440	  0.3440	  0.3440	  0.3440	  0.3440	  0.3440	  0.3440
-51.00	  0.3370	  0.3370	  0.3370	  0.3370	  0.3370	  0.3370	  0.3370	  0.3370
-50.00	  0.3300	  0.3300	  0.3300	  0.3300	  0.3300	  0.3300	  0.3300	  0.3300
-49.00	  0.3230	  0.3230	  0.3230	  0.3230	  0.3230	  0.3230	  0.3230	  0.3230
-48.00	  0.3160	  0.3160	  0.3160	  0.3160	  0.3160	  0.3160	  0.3160	  0.3160
-47.00	  0.3090	  0.3090	  0.3090	  0.3090	  0.3090	  0.3090	  0.3090	  0.3090
-46.00	  0.3020	  0.3020	  0.3020	  0.3020	  0.3020	  0.3020	  0.3020	  0.3020
-45.00	  0.2950	  0.2950	  0.2950	  0.2950	  0.2950	  0.2950	  0.2950	  0.2950
-44.00	  0.2880	  0.2880	  0.2880	  0.2880	  0.2880	  0.2880	  0.2880	  0.2880
-43.00	  0.2810	  0.2810	  0.2810	  0.2810	  0.2810	  0.2810	  0.2810	  0.2810
-42.00	  0.2740	  0.2740	  0.2740	  0.2740	  0.2740	  0.2740	  0.2740	  0.2740
-41.00	  0.2670	  0.2670	  0.2670	  0.2670	  0.2670	  0.2670	  0.2670	  0.2670
-40.00	  0.2600	  0.2600	  0.2600	  0.2600	  0.2600	  0.2600	  0.2600	  0.2600
-39.00	  0.2520	  0.2520	  0.2520	  0.2520	  0.2520	  0.2520	  0.2520	  0.2520
-38.00	  0.2440	  0.2440	  0.2440	  0.2440	  0.2440	  0.2440	  0.2440	  0.2440
-37.00	  0.2360	  0.2360	  0.2360	  0.2360	  0.2360	  0.2360	  0.2360	  0.2360
-36.00	  0.2280	  0.2280	  0.2280	  0.2280	  0.2280	  0.2280	  0.2280	  0.2280
-35.00	  0.2200	  0.2200	  0.2200	  0.2200	  0.2200	  0.2200	  0.2200	  0.2200
-34.00	  0.2120	  0.2120	  0.2120	  0.2120	  0.2120	  0.2120	  0.2120	  0.2120
-33.00	  0.2040	  0.2040	  0.2040	  0.2040	  0.2040	  0.2040	  0.2040	  0.2040
-32.00	  0.1960	  0.1960	  0.1960	  0.1960	  0.1960	  0.1960	  0.1960	  0.1960
-31.00	  0.1880	  0.1880	  0.1880	  0.1880	  0.1880	  0.1880	  0.1880	  0.1880
-30.00	  0.1800	  0.1800	  0.1800	  0.1800	  0.1800	  0.1800	  0.1800	  0.1800
-29.00	  0.1746	  0.1746	  0.1746	  0.1746	  0.1746	  0.1746	  0.1746	  0.1746
-28.00	  0.1693	  0.1693	  0.1693	  0.1693	  0.1693	  0.1693	  0.1693	  0.1693
-27.00	  0.1639	  0.1639	  0.1639	  0.1639	  0.1639	  0.1639	  0.1639	  0.1639
-26.00	  0.1586	  0.1586	  0.1586	  0.1586	  0.1586	  0.1586	  0.1586	  0.1586
-25.00	  0.1532	  0.1532	  0.1532	  0.1532	  0.1532	  0.1532	  0.1532	  0.1532
-24.00	  0.1479	  0.1479	  0.1479	  0.1479	  0.1479	  0.1479	  0.1479	  0.1479
-23.00	  0.1425	  0.1425	  0.1425	  0.1425	  0.1425	  0.1425	  0.1425	  0.1425
-22.00	  0.1371	  0.1371	  0.1371	  0.1371	  0.1371	  0.1371	  0.1371	  0.1371
-21.00	  0.1318	  0.1318	  0.1318	  0.1318	  0.1318	  0.1318	  0.1318	  0.1318
-20.00	  0.1264	  0.1264	  0.1264	  0.1264	  0.1264	  0.1264	  0.1264	  0.1264
-19.00	  0.1184	  0.1184	  0.1184	  0.1181	  0.1189	  0.1194	  0.1211	  0.1211
-18.00	  0.1059	  0.1059	  0.1059	  0.1045	  0.1077	  0.1095	  0.1157	  0.1157
-17.00	  0.0903	  0.0903	  0.0903	  0.0873	  0.0943	  0.0981	  0.1104	  0.1104
-16.00	  0.0732	  0.0732	  0.0732	  0.0683	  0.0799	  0.0863	  0.1050	  0.1050
-15.00	  0.0542	  0.0542	  0.0542	  0.0472	  0.0640	  0.0731	  0.0948	  0.0982
-14.00	  0.0382	  0.0382	  0.0382	  0.0289	  0.0510	  0.0629	  0.0845	  0.0915
-13.00	  0.0260	  0.0260	  0.0260	  0.0148	  0.0415	  0.0561	  0.0718	  0.0830
-12.00	  0.0180	  0.0180	  0.0180	  0.0053	  0.0357	  0.0524	  0.0553	  0.0720
-11.00	  0.0139	  0.0139	  0.0139	  0.0002	  0.0329	  0.0510	  0.0371	  0.0599
-10.00	  0.0128	  0.0128	  0.0128	 -0.0013	  0.0323	  0.0509	  0.0191	  0.0478
 -9.00	  0.0006	  0.0006	  0.0006	 -0.0203	  0.0076	  0.0365	  0.0031	  0.0370
 -8.00	 -0.0085	 -0.0085	 -0.0085	 -0.0258	 -0.0150	  0.0180	 -0.0098	  0.0282
 -7.00	 -0.0115	 -0.0115	 -0.0115	 -0.0188	 -0.0229	 -0.0034	 -0.0189	  0.0220
 -6.00	 -0.0106	 -0.0106	 -0.0106	 -0.0128	 -0.0194	 -0.0193	 -0.0243	  0.0183
 -5.00	 -0.0107	 -0.0107	 -0.0107	 -0.0121	 -0.0154	 -0.0231	 -0.0266	  0.0166
 -4.00	 -0.0114	 -0.0114	 -0.0114	 -0.0125	 -0.0140	 -0.0205	 -0.0271	  0.0163
 -3.00	 -0.0120	 -0.0120	 -0.0120	 -0.0129	 -0.0140	 -0.0178	 -0.0232	  0.0118
 -2.00	 -0.0127	 -0.0127	 -0.0127	 -0.0134	 -0.0142	 -0.0166	 -0.0182	 -0.0134
 -1.00	 -0.0134	 -0.0134	 -0.0134	 -0.0141	 -0.0147	 -0.0166	 -0.0153	 -0.0244
  0.00	 -0.0140	 -0.0140	 -0.0140	 -0.0149	 -0.0152	 -0.0169	 -0.0143	 -0.0284
  1.00	 -0.0146	 -0.0146	 -0.0146	 -0.0157	 -0.0158	 -0.0171	 -0.0130	 -0.0434
  2.00	 -0.0152	 -0.0152	 -0.0152	 -0.0164	 -0.0162	 -0.0166	 -0.0105	 -0.0628
  3.00	 -0.0157	 -0.0157	 -0.0157	 -0.0170	 -0.0163	 -0.0149	 -0.0093	 -0.0664
  4.00	 -0.0160	 -0.0160	 -0.0160	 -0.0173	 -0.0159	 -0.0113	 -0.0130	 -0.0649
  5.00	 -0.0163	 -0.0163	 -0.0163	 -0.0174	 -0.0144	 -0.0069	 -0.0215	 -0.0659
  6.00	 -0.0163	 -0.0163	 -0.0163	 -0.0170	 -0.0109	 -0.0047	 -0.0314	 -0.0698
  7.00	 -0.0160	 -0.0160	 -0.0160	 -0.0160	 -0.0050	 -0.0098	 -0.0434	 -0.0767
  8.00	 -0.0154	 -0.0154	 -0.0154	 -0.0142	  0.0015	 -0.0264	 -0.0555	 -0.0860
  9.00	 -0.0144	 -0.0144	 -0.0144	 -0.0109	  0.0022	 -0.0466	 -0.0666	 -0.0969
 10.00	 -0.0128	 -0.0128	 -0.0128	 -0.0058	 -0.0098	 -0.0628	 -0.0768	 -0.1090
 11.00	 -0.0104	 -0.0104	 -0.0104	 -0.0007	 -0.0300	 -0.0748	 -0.0864	 -0.1217
 12.00	 -0.0068	 -0.0068	 -0.0068	 -0.0015	 -0.0505	 -0.0843	 -0.0955	 -0.1340
 13.00	 -0.0038	 -0.0038	 -0.0038	 -0.0122	 -0.0679	 -0.0929	 -0.1043	 -0.1453
 14.00	 -0.0053	 -0.0053	 -0.0053	 -0.0333	 -0.0816	 -0.1010	 -0.1128	 -0.1556
 15.00	 -0.0164	 -0.0164	 -0.0164	 -0.0570	 -0.0928	 -0.1088	 -0.1211	 -0.1654
 16.00	 -0.0408	 -0.0408	 -0.0408	 -0.0777	 -0.1025	 -0.1165	 -0.1292	 -0.1741
 17.00	 -0.0672	 -0.0672	 -0.0672	 -0.0921	 -0.1108	 -0.1234	 -0.1370	 -0.1822
 18.00	 -0.0862	 -0.0862	 -0.0862	 -0.1024	 -0.1182	 -0.1307	 -0.1457	 -0.1896
 19.00	 -0.1010	 -0.1010	 -0.1010	 -0.1111	 -0.1249	 -0.1398	 -0.1490	 -0.1954
 20.00	 -0.1113	 -0.1113	 -0.1113	 -0.1188	 -0.1310	 -0.1575	 -0.1576	 -0.1989
 21.00	 -0.1117	 -0.1117	 -0.1117	 -0.1192	 -0.1313	 -0.1576	 -0.1582	 -0.1996
 22.00	 -0.1141	 -0.1141	 -0.1141	 -0.1214	 -0.1329	 -0.1581	 -0.1600	 -0.2002
 23.00	 -0.1197	 -0.1197	 -0.1197	 -0.1263	 -0.1368	 -0.1596	 -0.1623	 -0.1992
 24.00	 -0.1294	 -0.1294	 -0.1294	 -0.1348	 -0.1434	 -0.1623	 -0.1645	 -0.1950
 25.00	 -0.1431	 -0.1431	 -0.1431	 -0.1469	 -0.1530	 -0.1663	 -0.1663	 -0.1870
 26.00	 -0.1580	 -0.1580	 -0.1580	 -0.1606	 -0.1648	 -0.1740	 -0.1740	 -0.1883
 27.00	 -0.1740	 -0.1740	 -0.1740	 -0.1756	 -0.1781	 -0.1836	 -0.1836	 -0.1921
 28.00	 -0.1897	 -0.1897	 -0.1897	 -0.1904	 -0.1916	 -0.1941	 -0.1941	 -0.1981
 29.00	 -0.2034	 -0.2034	 -0.2034	 -0.2035	 -0.2038	 -0.2045	 -0.2045	 -0.2055
 30.00	 -0.2133	 -0.2133	 -0.2133	 -0.2133	 -0.2133	 -0.2133	 -0.2133	 -0.2133
 31.00	 -0.2210	 -0.2210	 -0.2210	 -0.2210	 -0.2210	 -0.2210	 -0.2210	 -0.2210
 32.00	 -0.2287	 -0.2287	 -0.2287	 -0.2287	 -0.2287	 -0.2287	 -0.2287	 -0.2287
 33.00	 -0.2363	 -0.2363	 -0.2363	 -0.2363	 -0.2363	 -0.2363	 -0.2363	 -0.2363
 34.00	 -0.2440	 -0.2440	 -0.2440	 -0.2440	 -0.2440	 -0.2440	 -0.2440	 -0.2440
 35.00	 -0.2517	 -0.2517	 -0.2517	 -0.2517	 -0.2517	 -0.2517	 -0.2517	 -0.2517
 36.00	 -0.2593	 -0.2593	 -0.2593	 -0.2593	 -0.2593	 -0.2593	 -0.2593	 -0.2593
 37.00	 -0.2670	 -0.2670	 -0.2670	 -0.2670	 -0.2670	 -0.2670	 -0.2670	 -0.2670
 38.00	 -0.2747	 -0.2747	 -0.2747	 -0.2747	 -0.2747	 -0.2747	 -0.2747	 -0.2747
 39.00	 -0.2823	 -0.2823	 -0.2823	 -0.2823	 -0.2823	 -0.2823	 -0.2823	 -0.2823
 40.00	 -0.2900	 -0.2900	 -0.2900	 -0.2900	 -0.2900	 -0.2900	 -0.2900	 -0.2900
 41.00	 -0.2970	 -0.2970	 -0.2970	 -0.2970	 -0.2970	 -0.2970	 -0.2970	 -0.2970
 42.00	 -0.3040	 -0.3040	 -0.3040	 -0.3040	 -0.3040	 -0.3040	 -0.3040	 -0.3040
 43.00	 -0.3110	 -0.3110	 -0.3110	 -0.3110	 -0.3110	 -0.3110	 -0.3110	 -0.3110
 44.00	 -0.3180	 -0.3180	 -0.3180	 -0.3180	 -0.3180	 -0.3180	 -0.3180	 -0.3180
 45.00	 -0.3250	 -0.3250	 -0.3250	 -0.3250	 -0.3250	 -0.3250	 -0.3250	 -0.3250
 46.00	 -0.3320	 -0.3320	 -0.3320	 -0.3320	 -0.3320	 -0.3320	 -0.3320	 -0.3320
 47.00	 -0.3390	 -0.3390	 -0.3390	 -0.3390	 -0.3390	 -0.3390	 -0.3390	 -0.3390
 48.00	 -0.3460	 -0.3460	 -0.3460	 -0.3460	 -0.3460	 -0.3460	 -0.3460	 -0.3460
 49.00	 -0.3530	 -0.3530	 -0.3530	 -0.3530	 -0.3530	 -0.3530	 -0.3530	 -0.3530
 50.00	 -0.3600	 -0.3600	 -0.3600	 -0.3600	 -0.3600	 -0.3600	 -0.3600	 -0.3600
 51.00	 -0.3670	 -0.3670	 -0.3670	 -0.3670	 -0.3670	 -0.3670	 -0.3670	 -0.3670
 52.00	 -0.3740	 -0.3740	 -0.3740	 -0.3740	 -0.3740	 -0.3740	 -0.3740	 -0.3740
 53.00	 -0.3810	 -0.3810	 -0.3810	 -0.3810	 -0.3810	 -0.3810	 -0.3810	 -0.3810
 54.00	 -0.3880	 -0.3880	 -0.3880	 -0.3880	 -0.3880	 -0.3880	 -0.3880	 -0.3880
 55.00	 -0.3950	 -0.3950	 -0.3950	 -0.3950	 -0.3950	 -0.3950	 -0.3950	 -0.3950
 56.00	 -0.4020	 -0.4020	 -0.4020	 -0.4020	 -0.4020	 -0.4020	 -0.4020	 -0.4020
 57.00	 -0.4090	 -0.4090	 -0.4090	 -0.4090	 -0.4090	 -0.4090	 -0.4090	 -0.4090
 58.00	 -0.4160	 -0.4160	 -0.4160	 -0.4160	 -0.4160	 -0.4160	 -0.4160	 -0.4160
 59.00	 -0.4230	 -0.4230	 -0.4230	 -0.4230	 -0.4230	 -0.4230	 -0.4230	 -0.4230
 60.00	 -0.4300	 -0.4300	 -0.4300	 -0.4300	 -0.4300	 -0.4300	 -0.4300	 -0.4300
 61.00	 -0.4350	 -0.4350	 -0.4350	 -0.4350	 -0.4350	 -0.4350	 -0.4350	 -0.4350
 62.00	 -0.4400	 -0.4400	 -0.4400	 -0.4400	 -0.4400	 -0.4400	 -0.4400	 -0.4400
 63.00	 -0.4450	 -0.4450	 -0.4450	 -0.4450	 -0.4450	 -0.4450	 -0.4450	 -0.4450
 64.00	 -0.4500	 -0.4500	 -0.4500	 -0.4500	 -0.4500	 -0.4500	 -0.4500	 -0.4500
 65.00	 -0.4550	 -0.4550	 -0.4550	 -0.4550	 -0.4550	 -0.4550	 -0.4550	 -0.4550
 66.00	 -0.4600	 -0.4600	 -0.4600	 -0.4600	 -0.4600	 -0.4600	 -0.4600	 -0.4600
 67.00	 -0.4650	 -0.4650	 -0.4650	 -0.4650	 -0.4650	 -0.4650	 -0.4650	 -0.4650
 68.00	 -0.4700	 -0.4700	 -0.4700	 -0.4700	 -0.4700	 -0.4700	 -0.4700	 -0.4700
 69.00	 -0.4750	 -0.4750	 -0.4750	 -0.4750	 -0.4750	 -0.4750	 -0.4750	 -0.4750
 70.00	 -0.4800	 -0.4800	 -0.4800	 -0.4800	 -0.4800	 -0.4800	 -0.4800	 -0.4800
 71.00	 -0.4850	 -0.4850	 -0.4850	 -0.4850	 -0.4850	 -0.4850	 -0.4850	 -0.4850
 72.00	 -0.4900	 -0.4900	 -0.4900	 -0.4900	 -0.4900	 -0.4900	 -0.4900	 -0.4900
 73.00	 -0.4950	 -0.4950	 -0.4950	 -0.4950	 -0.4950	 -0.4950	 -0.4950	 -0.4950
 74.00	 -0.5000	 -0.5000	 -0.5000	 -0.5000	 -0.5000	 -0.5000	 -0.5000	 -0.5000
 75.00	 -0.5050	 -0.5050	 -0.5050	 -0.5050	 -0.5050	 -0.5050	 -0.5050	 -0.5050
 76.00	 -0.5100	 -0.5100	 -0.5100	 -0.5100	 -0.5100	 -0.5100	 -0.5100	 -0.5100
 77.00	 -0.5150	 -0.5150	 -0.5150	 -0.5150	 -0.5150	 -0.5150	 -0.5150	 -0.5150
 78.00	 -0.5200	 -0.5200	 -0.5200	 -0.5200	 -0.5200	 -0.5200	 -0.5200	 -0.5200
 79.00	 -0.5250	 -0.5250	 -0.5250	 -0.5250	 -0.5250	 -0.5250	 -0.5250	 -0.5250
 80.00	 -0.5300	 -0.5300	 -0.5300	 -0.5300	 -0.5300	 -0.5300	 -0.5300	 -0.5300
 81.00	 -0.5350	 -0.5350	 -0.5350	 -0.5350	 -0.5350	 -0.5350	 -0.5350	 -0.5350
 82.00	 -0.5400	 -0.5400	 -0.5400	 -0.5400	 -0.5400	 -0.5400	 -0.5400	 -0.5400
 83.00	 -0.5450	 -0.5450	 -0.5450	 -0.5450	 -0.5450	 -0.5450	 -0.5450	 -0.5450
 84.00	 -0.5500	 -0.5500	 -0.5500	 -0.5500	 -0.5500	 -0.5500	 -0.5500	 -0.5500
 85.00	 -0.5550	 -0.5550	 -0.5550	 -0.5550	 -0.5550	 -0.5550	 -0.5550	 -0.5550
 86.00	 -0.5600	 -0.5600	 -0.5600	 -0.5600	 -0.5600	 -0.5600	 -0.5600	 -0.5600
 87.00	 -0.5650	 -0.5650	 -0.5650	 -0.5650	 -0.5650	 -0.5650	 -0.5650	 -0.5650
 88.00	 -0.5700	 -0.5700	 -0.5700	 -0.5700	 -0.5700	 -0.5700	 -0.5700	 -0.5700
 89.00	 -0.5750	 -0.5750	 -0.5750	 -0.5750	 -0.5750	 -0.5750	 -0.5750	 -0.5750
 90.00	 -0.5800	 -0.5800	 -0.5800	 -0.5800	 -0.5800	 -0.5800	 -0.5800	 -0.5800
 91.00	 -0.5820	 -0.5820	 -0.5820	 -0.5820	 -0.5820	 -0.5820	 -0.5820	 -0.5820
 92.00	 -0.5840	 -0.5840	 -0.5840	 -0.5840	 -0.5840	 -0.5840	 -0.5840	 -0.5840
 93.00	 -0.5860	 -0.5860	 -0.5860	 -0.5860	 -0.5860	 -0.5860	 -0.5860	 -0.5860
 94.00	 -0.5880	 -0.5880	 -0.5880	 -0.5880	 -0.5880	 -0.5880	 -0.5880	 -0.5880
 95.00	 -0.5900	 -0.5900	 -0.5900	 -0.5900	 -0.5900	 -0.5900	 -0.5900	 -0.5900
 96.00	 -0.5920	 -0.5920	 -0.5920	 -0.5920	 -0.5920	 -0.5920	 -0.5920	 -0.5920
 97.00	 -0.5940	 -0.5940	 -0.5940	 -0.5940	 -0.5940	 -0.5940	 -0.5940	 -0.5940
 98.00	 -0.5960	 -0.5960	 -0.5960	 -0.5960	 -0.5960	 -0.5960	 -0.5960	 -0.5960
 99.00	 -0.5980	 -0.5980	 -0.5980	 -0.5980	 -0.5980	 -0.5980	 -0.5980	 -0.5980
100.00	 -0.6000	 -0.6000	 -0.6000	 -0.6000	 -0.6000	 -0.6000	 -0.6000	 -0.6000
101.00	 -0.6020	 -0.6020	 -0.6020	 -0.6020	 -0.6020	 -0.6020	 -0.6020	 -0.6020
102.00	 -0.6040	 -0.6040	 -0.6040	 -0.6040	 -0.6040	 -0.6040	 -0.6040	 -0.6040
103.00	 -0.6060	 -0.6060	 -0.6060	 -0.6060	 -0.6060	 -0.6060	 -0.6060	 -0.6060
104.00	 -0.6080	 -0.6080	 -0.6080	 -0.6080	 -0.6080	 -0.6080	 -0.6080	 -0.6080
105.00	 -0.6100	 -0.6100	 -0.6100	 -0.6100	 -0.6100	 -0.6100	 -0.6100	 -0.6100
106.00	 -0.6120	 -0.6120	 -0.6120	 -0.6120	 -0.6120	 -0.6120	 -0.6120	 -0.6120
107.00	 -0.6140	 -0.6140	 -0.6140	 -0.6140	 -0.6140	 -0.6140	 -0.6140	 -0.6140
108.00	 -0.6160	 -0.6160	 -0.6160	 -0.6160	 -0.6160	 -0.6160	 -0.6160	 -0.6160
109.00	 -0.6180	 -0.6180	 -0.6180	 -0.6180	 -0.6180	 -0.6180	 -0.6180	 -0.6180
110.00	 -0.6200	 -0.6200	 -0.6200	 -0.6200	 -0.6200	 -0.6200	 -0.6200	 -0.6200
111.00	 -0.6220	 -0.6220	 -0.6220	 -0.6220	 -0.6220	 -0.6220	 -0.6220	 -0.6220
112.00	 -0.6240	 -0.6240	 -0.6240	 -0.6240	 -0.6240	 -0.6240	 -0.6240	 -0.6240
113.00	 -0.6260	 -0.6260	 -0.6260	 -0.6260	 -0.6260	 -0.6260	 -0.6260	 -0.6260
114.00	 -0.6280	 -0.6280	 -0.6280	 -0.6280	 -0.6280	 -0.6280	 -0.6280	 -0.6280
115.00	 -0.6300	 -0.6300	 -0.6300	 -0.6300	 -0.6300	 -0.6300	 -0.6300	 -0.6300
116.00	 -0.6270	 -0.6270	 -0.6270	 -0.6270	 -0.6270	 -0.6270	 -0.6270	 -0.6270
117.00	 -0.6240	 -0.6240	 -0.6240	 -0.6240	 -0.6240	 -0.6240	 -0.6240	 -0.6240
118.00	 -0.6210	 -0.6210	 -0.6210	 -0.6210	 -0.6210	 -0.6210	 -0.6210	 -0.6210
119.00	 -0.6180	 -0.6180	 -0.6180	 -0.6180	 -0.6180	 -0.6180	 -0.6180	 -0.6180
120.00	 -0.6150	 -0.6150	 -0.6150	 -0.6150	 -0.6150	 -0.6150	 -0.6150	 -0.6150
121.00	 -0.6120	 -0.6120	 -0.6120	 -0.6120	 -0.6120	 -0.6120	 -0.6120	 -0.6120
122.00	 -0.6090	 -0.6090	 -0.6090	 -0.6090	 -0.6090	 -0.6090	 -0.6090	 -0.6090
123.00	 -0.6060	 -0.6060	 -0.6060	 -0.6060	 -0.6060	 -0.6060	 -0.6060	 -0.6060
124.00	 -0.6030	 -0.6030	 -0.6030	 -0.6030	 -0.6030	 -0.6030	 -0.6030	 -0.6030
125.00	 -0.6000	 -0.6000	 -0.6000	 -0.6000	 -0.6000	 -0.6000	 -0.6000	 -0.6000
126.00	 -0.5970	 -0.5970	 -0.5970	 -0.5970	 -0.5970	 -0.5970	 -0.5970	 -0.5970
127.00	 -0.5940	 -0.5940	 -0.5940	 -0.5940	 -0.5940	 -0.5940	 -0.5940	 -0.5940
128.00	 -0.5910	 -0.5910	 -0.5910	 -0.5910	 -0.5910	 -0.5910	 -0.5910	 -0.5910
129.00	 -0.5880	 -0.5880	 -0.5880	 -0.5880	 -0.5880	 -0.5880	 -0.5880	 -0.5880
130.00	 -0.5850	 -0.5850	 -0.5850	 -0.5850	 -0.5850	 -0.5850	 -0.5850	 -0.5850
131.00	 -0.5820	 -0.5820	 -0.5820	 -0.5820	 -0.5820	 -0.5820	 -0.5820	 -0.5820
132.00	 -0.5790	 -0.5790	 -0.5790	 -0.5790	 -0.5790	 -0.5790	 -0.5790	 -0.5790
133.00	 -0.5760	 -0.5760	 -0.5760	 -0.5760	 -0.5760	 -0.5760	 -0.5760	 -0.5760
134.00	 -0.5730	 -0.5730	 -0.5730	 -0.5730	 -0.5730	 -0.5730	 -0.5730	 -0.5730
135.00	 -0.5700	 -0.5700	 -0.5700	 -0.5700	 -0.5700	 -0.5700	 -0.5700	 -0.5700
136.00	 -0.5670	 -0.5670	 -0.5670	 -0.5670	 -0.5670	 -0.5670	 -0.5670	 -0.5670
137.00	 -0.5640	 -0.5640	 -0.5640	 -0.5640	 -0.5640	 -0.5640	 -0.5640	 -0.5640
138.00	 -0.5610	 -0.5610	 -0.5610	 -0.5610	 -0.5610	 -0.5610	 -0.5610	 -0.5610
139.00	 -0.5580	 -0.5580	 -0.5580	 -0.5580	 -0.5580	 -0.5580	 -0.5580	 -0.5580
140.00	 -0.5550	 -0.5550	 -0.5550	 -0.5550	 -0.5550	 -0.5550	 -0.5550	 -0.5550
141.00	 -0.5488	 -0.5488	 -0.5488	 -0.5488	 -0.5488	 -0.5488	 -0.5488	 -0.5488
142.00	 -0.5425	 -0.5425	 -0.5425	 -0.5425	 -0.5425	 -0.5425	 -0.5425	 -0.5425
143.00	 -0.5362	 -0.5362	 -0.5362	 -0.5362	 -0.5362	 -0.5362	 -0.5362	 -0.5362
144.00	 -0.5300	 -0.5300	 -0.5300	 -0.5300	 -0.5300	 -0.5300	 -0.5300	 -0.5300
145.00	 -0.5238	 -0.5238	 -0.5238	 -0.5238	 -0.5238	 -0.5238	 -0.5238	 -0.5238
146.00	 -0.5175	 -0.5175	 -0.5175	 -0.5175	 -0.5175	 -0.5175	 -0.5175	 -0.5175
147.00	 -0.5112	 -0.5112	 -0.5112	 -0.5112	 -0.5112	 -0.5112	 -0.5112	 -0.5112
148.00	 -0.5050	 -0.5050	 -0.5050	 -0.5050	 -0.5050	 -0.5050	 -0.5050	 -0.5050
149.00	 -0.4988	 -0.4988	 -0.4988	 -0.4988	 -0.4988	 -0.4988	 -0.4988	 -0.4988
150.00	 -0.4925	 -0.4925	 -0.4925	 -0.4925	 -0.4925	 -0.4925	 -0.4925	 -0.4925
151.00	 -0.4862	 -0.4862	 -0.4862	 -0.4862	 -0.4862	 -0.4862	 -0.4862	 -0.4862
152.00	 -0.4800	 -0.4800	 -0.4800	 -0.4800	 -0.4800	 -0.4800	 -0.4800	 -0.4800
153.00	 -0.4738	 -0.4738	 -0.4738	 -0.4738	 -0.4738	 -0.4738	 -0.4738	 -0.4738
154.00	 -0.4675	 -0.4675	 -0.4675	 -0.4675	 -0.4675	 -0.4675	 -0.4675	 -0.4675
155.00	 -0.4612	 -0.4612	 -0.4612	 -0.4612	 -0.4612	 -0.4612	 -0.4612	 -0.4612
156.00	 -0.4550	 -0.4550	 -0.4550	 -0.4550	 -0.4550	 -0.4550	 -0.4550	 -0.4550
157.00	 -0.4488	 -0.4488	 -0.4488	 -0.4488	 -0.4488	 -0.4488	 -0.4488	 -0.4488
158.00	 -0.4425	 -0.4425	 -0.4425	 -0.4425	 -0.4425	 -0.4425	 -0.4425	 -0.4425
159.00	 -0.4362	 -0.4362	 -0.4362	 -0.4362	 -0.4362	 -0.4362	 -0.4362	 -0.4362
160.00	 -0.4300	 -0.4300	 -0.4300	 -0.4300	 -0.4300	 -0.4300	 -0.4300	 -0.4300
161.00	 -0.4238	 -0.4238	 -0.4238	 -0.4238	 -0.4238	 -0.4238	 -0.4238	 -0.4238
162.00	 -0.4175	 -0.4175	 -0.4175	 -0.4175	 -0.4175	 -0.4175	 -0.4175	 -0.4175
163.00	 -0.4112	 -0.4112	 -0.4112	 -0.4112	 -0.4112	 -0.4112	 -0.4112	 -0.4112
164.00	 -0.4050	 -0.4050	 -0.4050	 -0.4050	 -0.4050	 -0.4050	 -0.4050	 -0.4050
165.00	 -0.3988	 -0.3988	 -0.3988	 -0.3988	 -0.3988	 -0.3988	 -0.3988	 -0.3988
166.00	 -0.3925	 -0.3925	 -0.3925	 -0.3925	 -0.3925	 -0.3925	 -0.3925	 -0.3925
167.00	 -0.3862	 -0.3862	 -0.3862	 -0.3862	 -0.3862	 -0.3862	 -0.3862	 -0.3862
168.00	 -0.3800	 -0.3800	 -0.3800	 -0.3800	 -0.3800	 -0.3800	 -0.3800	 -0.3800
169.00	 -0.3825	 -0.3825	 -0.3825	 -0.3825	 -0.3825	 -0.3825	 -0.3825	 -0.3825
170.00	 -0.3850	 -0.3850	 -0.3850	 -0.3850	 -0.3850	 -0.3850	 -0.3850	 -0.3850
171.00	 -0.3875	 -0.3875	 -0.3875	 -0.3875	 -0.3875	 -0.3875	 -0.3875	 -0.3875
172.00	 -0.3900	 -0.3900	 -0.3900	 -0.3900	 -0.3900	 -0.3900	 -0.3900	 -0.3900
173.00	 -0.3625	 -0.3625	 -0.3625	 -0.3625	 -0.3625	 -0.3625	 -0.3625	 -0.3625
174.00	 -0.3350	 -0.3350	 -0.3350	 -0.3350	 -0.3350	 -0.3350	 -0.3350	 -0.3350
175.00	 -0.3075	 -0.3075	 -0.3075	 -0.3075	 -0.3075	 -0.3075	 -0.3075	 -0.3075
176.00	 -0.2800	 -0.2800	 -0.2800	 -0.2800	 -0.2800	 -0.2800	 -0.2800	 -0.2800
177.00	 -0.2200	 -0.2200	 -0.2200	 -0.2200	 -0.2200	 -0.2200	 -0.2200	 -0.2200
178.00	 -0.1600	 -0.1600	 -0.1600	 -0.1600	 -0.1600	 -0.1600	 -0.1600	 -0.1600
179.00	 -0.1000	 -0.1000	 -0.1000	 -0.1000	 -0.1000	 -0.1000	 -0.1000	 -0.1000
180.00	 -0.0400	 -0.0400	 -0.0400	 -0.0400	 -0.0400	 -0.0400	 -0.0400	 -0.0400
